0	0	11
0.1	0	10.810001
0.2	0	10.640016
0.3	0	10.490081
0.4	0	10.360256
0.5	0	10.250625
0.6	0	10.161296
0.7	0	10.092401
0.8	0	10.044096
0.9	0	10.016561
1	0	10.01
1.1	0	10.024641
1.2	0	10.060736
1.3	0	10.118561
1.4	0	10.198416
1.5	0	10.300625
1.6	0	10.425536
1.7	0	10.573521
1.8	0	10.744976
1.9	0	10.940321
2	0	11.16
2.1	0	11.404481
2.2	0	11.674256
2.3	0	11.969841
2.4	0	12.291776
2.5	0	12.640625
2.6	0	13.016976
2.7	0	13.421441
2.8	0	13.854656
2.9	0	14.317281
3	0	14.81
3.1	0	15.333521
3.2	0	15.888576
3.3	0	16.475921
3.4	0	17.096336
3.5	0	17.750625
3.6	0	18.439616
3.7	0	19.164161
3.8	0	19.925136
3.9	0	20.723441
4	0	21.56
4.1	0	22.435761
4.2	0	23.351696
4.3	0	24.308801
4.4	0	25.308096
4.5	0	26.350625
4.6	0	27.437456
4.7	0	28.569681
4.8	0	29.748416
4.9	0	30.974801
5	0	32.25
0	0.1	10.2201
0.1	0.1	10.0325299592943
0.2	0.1	9.86981935523448
0.3	0.1	9.73196679090492
0.4	0.1	9.61897010098127
0.5	0.1	9.53082659542311
0.6	0.1	9.4675333994267
0.7	0.1	9.42908788842556
0.8	0.1	9.41548821658765
0.9	0.1	9.42673393692369
1	0.1	9.46282671079416
1.1	0.1	9.52377110428193
1.2	0.1	9.60957546858696
1.3	0.1	9.72025290129718
1.4	0.1	9.85582228509935
1.5	0.1	10.0163094002145
1.6	0.1	10.2017481065761
1.7	0.1	10.4121815915158
1.8	0.1	10.6476636784854
1.9	0.1	10.9082601921168
2	0.1	11.1940503747199
2.1	0.1	11.5051283491229
2.2	0.1	11.8416046225916
2.3	0.1	12.203607626406
2.4	0.1	12.5912852855397
2.5	0.1	13.0048066127668
2.6	0.1	13.4443633214275
2.7	0.1	13.9101714510043
2.8	0.1	14.4024729996011
2.9	0.1	14.9215375573853
3	0.1	15.4676639350313
3.1	0.1	16.0411817812101
3.2	0.1	16.6424531831953
3.3	0.1	17.2718742446981
3.4	0.1	17.9298766351101
3.5	0.1	18.6169291044214
3.6	0.1	19.3335389581809
3.7	0.1	20.0802534869971
3.8	0.1	20.8576613452177
3.9	0.1	21.6663938735916
4	0.1	22.5071263608966
4.1	0.1	23.3805792397165
4.2	0.1	24.2875192117656
4.3	0.1	25.2287602983932
4.4	0.1	26.2051648121437
4.5	0.1	27.2176442455162
4.6	0.1	28.267160073339
4.7	0.1	29.3547244654653
4.8	0.1	30.4814009067974
4.9	0.1	31.6483047219588
5	0.1	32.8566035022549
0	0.2	9.4804
0.1	0.2	9.29525879859012
0.2	0.2	9.13982079296265
0.3	0.2	9.01404289525204
0.4	0.2	8.91785367962158
0.5	0.2	8.85115396146988
0.6	0.2	8.81381760492231
0.7	0.2	8.80569255522664
0.8	0.2	8.82660209173025
0.9	0.2	8.87634629619173
1	0.2	8.95470373027775
1.1	0.2	9.06143331521823
1.2	0.2	9.19627640574531
1.3	0.2	9.3589590496253
1.4	0.2	9.54919442331339
1.5	0.2	9.76668543351979
1.6	0.2	10.0111274737773
1.7	0.2	10.282211324447
1.8	0.2	10.5796261839918
1.9	0.2	10.9030628187929
2	0.2	11.2522168182813
2.1	0.2	11.6267919417046
2.2	0.2	12.0265035424626
2.3	0.2	12.4510820556059
2.4	0.2	12.9002765338199
2.5	0.2	13.3738582170018
2.6	0.2	13.8716241203862
2.7	0.2	14.3934006260827
2.8	0.2	14.9390470628641
2.9	0.2	15.5084592590758
3	0.2	16.1015730536362
3.1	0.2	16.7183677502571
3.2	0.2	17.3588695002325
3.3	0.2	18.0231545994302
3.4	0.2	18.7113526854567
3.5	0.2	19.4236498213684
3.6	0.2	20.1602914527584
3.7	0.2	20.9215852255561
3.8	0.2	21.7079036524426
3.9	0.2	22.5196866163959
4	0.2	23.3574437005434
4.1	0.2	24.2217563342035
4.2	0.2	25.1132797457462
4.3	0.2	26.0327447136932
4.4	0.2	26.9809591082961
4.5	0.2	27.9588092166933
4.6	0.2	28.9672608456247
4.7	0.2	30.0073601965997
4.8	0.2	31.0802345093419
4.9	0.2	32.1870924702844
5	0.2	33.3292243838558
0	0.3	8.7809
0.1	0.3	8.59818739789476
0.2	0.3	8.45001839605403
0.3	0.3	8.33629963075517
0.4	0.3	8.25687623750791
0.5	0.3	8.21153295968566
0.6	0.3	8.19999569275009
0.7	0.3	8.2219334562573
0.8	0.3	8.27696078366953
0.9	0.3	8.36464051788285
1	0.3	8.48448699832766
1.1	0.3	8.63596962351793
1.2	0.3	8.81851677102408
1.3	0.3	9.03152005503544
1.4	0.3	9.27433889996855
1.5	0.3	9.54630540697672
1.6	0.3	9.84672948873233
1.7	0.3	10.1749042464933
1.8	0.3	10.5301115622361
1.9	0.3	10.9116278775469
2	0.3	11.3187301300123
2.1	0.3	11.7507018170501
2.2	0.3	12.2068391564733
2.3	0.3	12.6864573125799
2.4	0.3	13.1888966562311
2.5	0.3	13.713529027195
2.6	0.3	14.25976396702
2.7	0.3	14.8270548908391
2.8	0.3	15.4149051668122
2.9	0.3	16.0228740723675
3	0.3	16.6505825970203
3.1	0.3	17.2977190623153
3.2	0.3	17.9640445303504
3.3	0.3	18.6493979734029
3.4	0.3	19.353701178376
3.5	0.3	20.076963361113
3.6	0.3	20.819285467086
3.7	0.3	21.580864136538
3.8	0.3	22.3619953138459
3.9	0.3	23.1630774826595
4	0.3	23.9846145102507
4.1	0.3	24.8272180864749
4.2	0.3	25.6916097447848
4.3	0.3	26.5786224548369
4.4	0.3	27.4892017783887
4.5	0.3	28.424406582381
4.6	0.3	29.3854093053281
4.7	0.3	30.3734957753858
4.8	0.3	31.3900645807247
4.9	0.3	32.43662599509
5	0.3	33.5148004636677
0	0.4	8.1216
0.1	0.4	7.94131563722738
0.2	0.4	7.80041024812972
0.3	0.4	7.69872732366948
0.4	0.4	7.63600732406439
0.5	0.4	7.61188963334784
0.6	0.4	7.62591527908554
0.7	0.4	7.6775304007024
0.8	0.4	7.76609044531905
0.9	0.4	7.89086506557116
1	0.4	8.05104368961415
1.1	0.4	8.24574172942574
1.2	0.4	8.47400738963564
1.3	0.4	8.73482903545735
1.4	0.4	9.02714307489522
1.5	0.4	9.34984230727055
1.6	0.4	9.7017846872725
1.7	0.4	10.0818024512109
1.8	0.4	10.4887115499433
1.9	0.4	10.9213213310816
2	0.4	11.3784444115659
2.1	0.4	11.8589066805334
2.2	0.4	12.3615573716151
2.3	0.4	12.8852791433705
2.4	0.4	13.4289981065177
2.5	0.4	13.9916937369378
2.6	0.4	14.5724086141255
2.7	0.4	15.1702579258184
2.8	0.4	15.7844386809544
2.9	0.4	16.4142385748826
3	0.4	17.0590444528609
3.1	0.4	17.7183503203198
3.2	0.4	18.3917648511209
3.3	0.4	19.0790183480944
3.4	0.4	19.7799691134641
3.5	0.4	20.494609190359
3.6	0.4	21.2230694404312
3.7	0.4	21.9656239266353
3.8	0.4	22.7226935744492
3.9	0.4	23.4948490892011
4	0.4	24.2828131116903
4.1	0.4	25.0874615989192
4.2	0.4	25.9098244214659
4.3	0.4	26.7510851737856
4.4	0.4	27.6125801985178
4.5	0.4	28.4957968306521
4.6	0.4	29.4023708721474
4.7	0.4	30.3340833122796
4.8	0.4	31.2928563135778
4.9	0.4	32.2807484876711
5	0.4	33.29994948969
0	0.5	7.5025
0.1	0.5	7.32464339662474
0.2	0.5	7.19099443393799
0.3	0.5	7.10131631305743
0.4	0.5	7.055216560424
0.5	0.5	7.05215029805361
0.6	0.5	7.09142478878185
0.7	0.5	7.17220522368118
0.8	0.5	7.29352170986028
0.9	0.5	7.4542774081878
1	0.5	7.65325776217871
1.1	0.5	7.88914075140299
1.2	0.5	8.16050809537765
1.3	0.5	8.46585732704025
1.4	0.5	8.80361464862265
1.5	0.5	9.17214847709392
1.6	0.5	9.56978358136213
1.7	0.5	9.99481570915148
1.8	0.5	10.445526597935
1.9	0.5	10.9201992615304
2	0.5	11.417133441974
2.1	0.5	11.9346611150974
2.2	0.5	12.4711619378398
2.3	0.5	13.0250785257507
2.4	0.5	13.594931450366
2.5	0.5	14.1793338481582
2.6	0.5	14.7770055355702
2.7	0.5	15.3867865282056
2.8	0.5	16.0076498665521
2.9	0.5	16.6387136556203
3	0.5	17.2792522315576
3.1	0.5	17.9287063745984
3.2	0.5	18.5866924945993
3.3	0.5	19.253010722827
3.4	0.5	19.9276518515597
3.5	0.5	20.6108030713882
3.6	0.5	21.3028524647795
3.7	0.5	22.0043922234473
3.8	0.5	22.7162205662892
3.9	0.5	23.4393423440324
4	0.5	24.174968326212
4.1	0.5	24.9245131756207
4.2	0.5	25.6895921248453
4.3	0.5	26.4720163788778
4.4	0.5	27.2737872769852
4.5	0.5	28.0970892559845
4.6	0.5	28.9442816657193
4.7	0.5	29.8178894958255
4.8	0.5	30.7205930807337
4.9	0.5	31.6552168572323
5	0.5	32.6247172557567
0	0.6	6.9236
0.1	0.6	6.74817055614711
0.2	0.6	6.62176903972969
0.3	0.6	6.54405695504914
0.4	0.6	6.51447366324402
0.5	0.6	6.53224163197408
0.6	0.6	6.59637372270925
0.7	0.6	6.70568245398747
0.8	0.6	6.85879116229242
0.9	0.6	7.05414696615206
1	0.6	7.29003542380705
1.1	0.6	7.56459676047414
1.2	0.6	7.87584352795364
1.3	0.6	8.22167954721546
1.4	0.6	8.59991997374649
1.5	0.6	9.00831231594611
1.6	0.6	9.44455822879529
1.7	0.6	9.90633589846775
1.8	0.6	10.3913228285532
1.9	0.6	10.897218835166
2	0.6	11.4217690564461
2.1	0.6	11.962786781836
2.2	0.6	12.5181759080443
2.3	0.6	13.085952831761
2.4	0.6	13.6642675939565
2.5	0.6	14.2514240969237
2.6	0.6	14.8458992230675
2.7	0.6	15.4463606937334
2.8	0.6	16.0516835170262
2.9	0.6	16.6609648854998
3	0.6	17.2735373977148
3.1	0.6	17.888980491835
3.2	0.6	18.5071299945563
3.3	0.6	19.1280857046025
3.4	0.6	19.7522169466474
3.5	0.6	20.3801660486868
3.6	0.6	21.0128497134485
3.7	0.6	21.6514582722407
3.8	0.6	22.2974528275503
3.9	0.6	22.9525603085571
4	0.6	23.6187664813859
4.1	0.6	24.2983069732151
4.2	0.6	24.9936563861595
4.3	0.6	25.7075155930029
4.4	0.6	26.4427973222325
4.5	0.6	27.2026101542977
4.6	0.6	27.9902410644526
4.7	0.6	28.8091366598355
4.8	0.6	29.6628832694822
4.9	0.6	30.5551860556719
5	0.6	31.4898473232828
0	0.7	6.3849
0.1	0.7	6.21189699588417
0.2	0.7	6.0927321536333
0.3	0.7	6.02693962709511
0.4	0.7	6.01374846844663
0.5	0.7	6.05209076566443
0.6	0.7	6.14061292319641
0.7	0.7	6.27768997536377
0.8	0.7	6.46144279232202
0.9	0.7	6.68975801008288
1	0.7	6.96031048942277
1.1	0.7	7.27058808373754
1.2	0.7	7.617918473292
1.3	0.7	7.99949780307666
1.4	0.7	8.4124208438209
1.5	0.7	8.85371238079617
1.6	0.7	9.32035952301847
1.7	0.7	9.80934461644642
1.8	0.7	10.3176784388558
1.9	0.7	10.8424333513134
2	0.7	11.3807760815977
2.1	0.7	11.9299998185191
2.2	0.7	12.4875553028385
2.3	0.7	13.0510806103128
2.4	0.7	13.6184293352015
2.5	0.7	14.1876968982315
2.6	0.7	14.75724472139
2.7	0.7	15.325722032798
2.8	0.7	15.8920850881315
2.9	0.7	16.455613620355
3	0.7	17.015924356674
3.1	0.7	17.5729814703362
3.2	0.7	18.1271038649256
3.3	0.7	18.6789692198165
3.4	0.7	19.2296147571678
3.5	0.7	19.7804347229481
3.6	0.7	20.33317460666
3.7	0.7	20.8899221563678
3.8	0.7	21.453095277022
3.9	0.7	22.0254269305878
4	0.7	22.6099471858551
4.1	0.7	23.2099625937127
4.2	0.7	23.8290330898664
4.3	0.7	24.470946651192
4.4	0.7	25.1396919539141
4.5	0.7	25.8394293013678
4.6	0.7	26.5744601060493
4.7	0.7	27.3491952248162
4.8	0.7	28.1681224573321
4.9	0.7	29.0357735260416
5	0.7	29.9566908610418
0	0.8	5.8864
0.1	0.8	5.71582259596086
0.2	0.8	5.6038818660297
0.3	0.8	5.54995473220967
0.4	0.8	5.55301095486602
0.5	0.8	5.61162537131979
0.6	0.8	5.72399483710588
0.7	0.8	5.88795967972167
0.8	0.8	6.10102942403758
0.9	0.8	6.36041250058924
1	0.8	6.66304960326137
1.1	0.8	7.00565032190739
1.2	0.8	7.3847326386856
1.3	0.8	7.79666484474673
1.4	0.8	8.23770940673754
1.5	0.8	8.7040682906979
1.6	0.8	9.19192923456865
1.7	0.8	9.69751244987881
1.8	0.8	10.2171172283634
1.9	0.8	10.7471679303296
2	0.8	11.28425883853
2.1	0.8	11.8251973740366
2.2	0.8	12.3670451889954
2.3	0.8	12.9071566749771
2.4	0.8	13.4432144546481
2.5	0.8	13.9732614583501
2.6	0.8	14.4957292255147
2.7	0.8	15.0094621132141
2.8	0.8	15.5137371400969
2.9	0.8	16.0082792429497
3	0.8	16.4932717746229
3.1	0.8	16.9693621254768
3.2	0.8	17.437662405243
3.3	0.8	17.899745177649
3.4	0.8	18.3576342956846
3.5	0.8	18.8137909403899
3.6	0.8	19.2710950198868
3.7	0.8	19.7328221374564
3.8	0.8	20.2026163872095
3.9	0.8	20.6844592827302
4	0.8	21.1826351674837
4.1	0.8	21.7016934952739
4.2	0.8	22.2464084041697
4.3	0.8	22.8217360377033
4.4	0.8	23.4327700924295
4.5	0.8	24.0846960908472
4.6	0.8	24.78274489299
4.7	0.8	25.5321459685432
4.8	0.8	26.3380809540269
4.9	0.8	27.2056380163912
5	0.8	28.1397675353126
0	0.9	5.4281
0.1	0.9	5.25994723654327
0.2	0.9	5.15521626992639
0.3	0.9	5.11309270320306
0.4	0.9	5.13223126778342
0.5	0.9	5.21077375136782
0.6	0.9	5.34637377607961
0.7	0.9	5.53622811074054
0.8	0.9	5.77711411788685
0.9	0.9	6.06543285787232
1	0.9	6.39725730024621
1.1	0.9	6.76838502744808
1.2	0.9	7.17439475856003
1.3	0.9	7.61070597213022
1.4	0.9	8.07264086755143
1.5	0.9	8.55548787464886
1.6	0.9	9.05456590138312
1.7	0.9	9.56528850015932
1.8	0.9	10.083227134271
1.9	0.9	10.6041727374856
2	0.9	11.1241947815498
2.1	0.9	11.6396970981805
2.2	0.9	12.1474697435039
2.3	0.9	12.6447362433873
2.4	0.9	13.1291956170236
2.5	0.9	13.5990586427374
2.6	0.9	14.053077903421
2.7	0.9	14.4905712283544
2.8	0.9	14.9114382323924
2.9	0.9	15.3161697415513
3	0.9	15.705849984761
3.1	0.9	16.0821515238195
3.2	0.9	16.447322986217
3.3	0.9	16.8041697572927
3.4	0.9	17.1560278780013
3.5	0.9	17.5067314812251
3.6	0.9	17.8605741819895
3.7	0.9	18.2222649140586
3.8	0.9	18.5968787762268
3.9	0.9	18.9898035152754
4	0.9	19.4066823282178
4.1	0.9	19.8533537134092
4.2	0.9	20.3357891377346
4.3	0.9	20.86002931495
4.4	0.9	21.4321199079647
4.5	0.9	22.0580474751999
4.6	0.9	22.7436764780468
4.7	0.9	23.4946881529108
4.8	0.9	24.3165220275469
4.9	0.9	25.2143208276591
5	0.9	26.1928794764952
0	1	5.01
0.1	1	4.84427079784449
0.2	1	4.74673346133132
0.3	1	4.71634400690044
0.4	1	4.75137974233167
0.5	1	4.84946492628922
0.6	1	5.0076061734954
0.7	1	5.22223709629965
0.8	1	5.4892715405611
0.9	1	5.80416465015033
1	1	6.16198088177599
1.1	1	6.55746799187381
1.2	1	6.98513593139859
1.3	1	7.43933951376686
1.4	1	7.91436366692725
1.5	1	8.40451004336543
1.6	1	8.90418374231669
1.7	1	9.4079788968424
1.8	1	9.91076189474992
1.9	1	10.4077510363642
2	1	10.8945914834045
2.1	1	11.3674244209427
2.2	1	11.8229494376499
2.3	1	12.258479227072
2.4	1	12.6719858231204
2.5	1	13.0621377047179
2.6	1	13.428327235867
2.7	1	13.7706880464068
2.8	1	14.0901021034004
2.9	1	14.3881963713728
3	1	14.6673291093534
3.1	1	14.9305660017274
3.2	1	15.1816464661163
3.3	1	15.4249406227825
3.4	1	15.6653975443689
3.5	1	15.9084855301882
3.6	1	16.1601252639875
3.7	1	16.4266168164645
3.8	1	16.7145615423374
3.9	1	17.030779995202
4	1	17.382227040677
4.1	1	17.7759053886378
4.2	1	18.2187787880706
4.3	1	18.7176861329311
4.4	1	19.2792577142867
4.5	1	19.9098348231481
4.6	1	20.615393860205
4.7	1	21.401476043854
4.8	1	22.2731237273875
4.9	1	23.2348242411535
5	1	24.2904620672622
0	1.1	4.6321
0.1	1.1	4.46879316013051
0.2	1.1	4.37843153962601
0.3	1.1	4.35969914834582
0.4	1.1	4.410426926751
0.5	1.1	4.5276287215588
0.6	1.1	4.70755083768122
0.7	1.1	4.94573436822539
0.8	1.1	5.23708929849191
0.9	1.1	5.5759791902393
1	1.1	5.956315082042
1.1	1.1	6.3716570931023
1.2	1.1	6.81532209377412
1.3	1.1	7.28049570831775
1.4	1.1	7.76034684560391
1.5	1.1	8.24814291274696
1.6	1.1	8.7373638556273
1.7	1.1	9.22181318913897
1.8	1.1	9.69572422846658
1.9	1.1	10.1538598099753
2	1.1	10.5916038951437
2.1	1.1	11.0050435816923
2.2	1.1	11.3910402005587
2.3	1.1	11.7472883531471
2.4	1.1	12.0723619375149
2.5	1.1	12.3657464217125
2.6	1.1	12.627856844
2.7	1.1	12.8600412495448
2.8	1.1	13.0645695077729
2.9	1.1	13.2446076900032
3	1.1	13.4041784195678
3.1	1.1	13.5481078325491
3.2	1.1	13.6819600029183
3.3	1.1	13.811959887759
3.4	1.1	13.9449060331558
3.5	1.1	14.0880744462441
3.6	1.1	14.2491151811908
3.7	1.1	14.4359433042236
3.8	1.1	14.656625993352
3.9	1.1	14.9192675906692
4	1.1	15.231894458094
4.1	1.1	15.6023414905629
4.2	1.1	16.0381421139772
4.3	1.1	16.5464235390691
4.4	1.1	17.1338089576806
4.5	1.1	17.8063282561188
4.6	1.1	18.569338683051
4.7	1.1	19.4274567490582
4.8	1.1	20.3845024540415
4.9	1.1	21.4434567401033
5	1.1	22.6064328544888
0	1.2	4.2944
0.1	1.2	4.13351420372608
0.2	1.2	4.0503086079381
0.3	1.2	4.0431486749892
0.4	1.2	4.10934360547764
0.5	1.2	4.24519585360049
0.6	1.2	4.4460692009407
0.7	1.2	4.70647416786598
0.8	1.2	5.02016923077945
0.9	1.2	5.38027602998724
1	1.2	5.7794065020196
1.1	1.2	6.20979965635863
1.2	1.2	6.66346554352247
1.3	1.2	7.13233383243445
1.4	1.2	7.60840433227961
1.5	1.2	8.08389675910366
1.6	1.2	8.55139706086734
1.7	1.2	9.00399767629114
1.8	1.2	9.43542921150672
1.9	1.2	9.84018117232373
2	1.2	10.2136095860665
2.1	1.2	10.552029581918
2.2	1.2	10.8527912683158
2.3	1.2	11.1143375453411
2.4	1.2	11.336242813863
2.5	1.2	11.5192318856342
2.6	1.2	11.6651787534515
2.7	1.2	11.7770852415183
2.8	1.2	11.8590399168167
2.9	1.2	11.9161579961422
3	1.2	11.9545033241231
3.1	1.2	11.9809938189488
3.2	1.2	12.003292078886
3.3	1.2	12.0296831086654
3.4	1.2	12.0689413557059
3.5	1.2	12.130189437763
3.6	1.2	12.2227510925109
3.7	1.2	12.3560009831257
3.8	1.2	12.539214050269
3.9	1.2	12.7814171089701
4	1.2	13.0912453486256
4.1	1.2	13.4768063063978
4.2	1.2	13.9455537502775
4.3	1.2	14.5041737303824
4.4	1.2	15.1584848388775
4.5	1.2	15.9133544641392
4.6	1.2	16.7726325380096
4.7	1.2	17.7391039613399
4.8	1.2	18.8144605581307
4.9	1.2	19.9992930584414
5	1.2	21.293103251142
0	1.3	3.9969
0.1	1.3	3.83843380902053
0.2	1.3	3.76236277351312
0.3	1.3	3.76668318085502
0.4	1.3	3.84810082204737
0.5	1.3	4.00209801465105
0.6	1.3	4.2230255639506
0.7	1.3	4.50421783603994
0.8	1.3	4.83812865749877
0.9	1.3	5.2164853426648
1	1.3	5.63045778941621
1.1	1.3	6.07083928500799
1.2	1.3	6.52823543079808
1.3	1.3	6.99325743327294
1.4	1.3	7.45671592184295
1.5	1.3	7.90981144315059
1.6	1.3	8.34431784733342
1.7	1.3	8.75275492250467
1.8	1.3	9.12854684686326
1.9	1.3	9.46616330909106
2	1.3	9.76124049145752
2.1	1.3	10.0106795095068
2.2	1.3	10.2127203494229
2.3	1.3	10.3669898302775
2.4	1.3	10.4745226337158
2.5	1.3	10.5377549779983
2.6	1.3	10.5604910560865
2.7	1.3	10.547842897865
2.8	1.3	10.5061448439051
2.9	1.3	10.4428443219299
3	1.3	10.3663710873422
3.1	1.3	10.2859875164875
3.2	1.3	10.2116229172673
3.3	1.3	10.1536951388319
3.4	1.3	10.1229230140667
3.5	1.3	10.1301333504535
3.6	1.3	10.1860662930094
3.7	1.3	10.3011829152562
3.8	1.3	10.4854788498961
3.9	1.3	10.7483076509527
4	1.3	11.098217385956
4.1	1.3	11.5428036941429
4.2	1.3	12.0885822198244
4.3	1.3	12.7408829455142
4.4	1.3	13.5037685147718
4.5	1.3	14.3799781585922
4.6	1.3	15.3708983310406
4.7	1.3	16.47656062976
4.8	1.3	17.6956670354972
4.9	1.3	19.0256419626445
5	1.3	20.4627100807402
0	1.4	3.7396
0.1	1.4	3.5835518564737
0.2	1.4	3.51459214808545
0.3	1.4	3.53029331069001
0.4	1.4	3.62666990179588
0.5	1.4	3.79826795642855
0.6	1.4	4.03828733509926
0.7	1.4	4.33873438594214
0.8	1.4	4.69060157947045
0.9	1.4	5.08407018385957
1	1.4	5.50873154410241
1.1	1.4	5.95382212083731
1.2	1.4	6.40846714303018
1.3	1.4	6.86192753959912
1.4	1.4	7.30384474263647
1.5	1.4	7.72447800069589
1.6	1.4	8.11492900367037
1.7	1.4	8.46734889752832
1.8	1.4	8.77512315154842
1.9	1.4	9.03303022429919
2	1.4	9.23737054687262
2.1	1.4	9.38606299029276
2.2	1.4	9.47870669440437
2.3	1.4	9.51660689237254
2.4	1.4	9.50276415164608
2.5	1.4	9.44182725165479
2.6	1.4	9.34001071314738
2.7	1.4	9.20497876655791
2.8	1.4	9.04569828022721
2.9	1.4	8.87226384766569
3	1.4	8.69569884149441
3.1	1.4	8.52773676694005
3.2	1.4	8.38058767830248
3.3	1.4	8.26669474824896
3.4	1.4	8.19848629497867
3.5	1.4	8.18812867154161
3.6	1.4	8.24728540271635
3.7	1.4	8.38688781826559
3.8	1.4	8.61692218008197
3.9	1.4	8.94623794020481
4	1.4	9.38238130481314
4.1	1.4	9.93145772617953
4.2	1.4	10.5980263122971
4.3	1.4	11.3850284462903
4.4	1.4	12.2937521600425
4.5	1.4	13.3238330250644
4.6	1.4	14.4732915255755
4.7	1.4	15.7386060815135
4.8	1.4	17.1148201101717
4.9	1.4	18.5956807714026
5	1.4	20.1738063490953
0	1.5	3.5225
0.1	1.5	3.36886822662176
0.2	1.5	3.30699484824844
0.3	1.5	3.33396976408869
0.4	1.5	3.44502247433825
0.5	1.5	3.63363957250307
0.6	1.5	3.89172526434381
0.7	1.5	4.20980105763217
0.8	1.5	4.57723982573416
0.9	1.5	4.9825286219037
1	1.5	5.41355392989745
1.1	1.5	5.8579024966869
1.2	1.5	6.30317051759835
1.3	1.5	6.73727374216003
1.4	1.5	7.14875104513124
1.5	1.5	7.5270541622045
1.6	1.5	7.86281661999839
1.7	1.5	8.14809538728406
1.8	1.5	8.37657942699363
1.9	1.5	8.54376012080025
2	1.5	8.647059450946
2.1	1.5	8.68591283564144
2.2	1.5	8.66180460051594
2.3	1.5	8.57825520322242
2.4	1.5	8.44076048419189
2.5	1.5	8.25668436597945
2.6	1.5	8.0351075390883
2.7	1.5	7.78663572685633
2.8	1.5	7.52317209065764
2.9	1.5	7.25765919608138
3	1.5	7.00379669030091
3.1	1.5	6.7757414230432
3.2	1.5	6.58779716445516
3.3	1.5	6.45410132264664
3.4	1.5	6.38831613578965
3.5	1.5	6.4033317066378
3.6	1.5	6.51098796376708
3.7	1.5	6.72182218052449
3.8	1.5	7.04484807047312
3.9	1.5	7.48737172171865
4	1.5	8.05484875002503
4.1	1.5	8.75078606323544
4.2	1.5	9.57669056087832
4.3	1.5	10.5320659685779
4.4	1.5	11.6144578539575
4.5	1.5	12.8195457167606
4.6	1.5	14.1412799185868
4.7	1.5	15.5720601439678
4.8	1.5	17.10295109024
4.9	1.5	18.7239301926293
5	1.5	20.424161424519
0	1.6	3.3456
0.1	1.6	3.19438280008304
0.2	1.6	3.13956899582354
0.3	1.6	3.17770329959477
0.4	1.6	3.30313049580988
0.5	1.6	3.50814797926888
0.6	1.6	3.78321367117372
0.7	1.6	4.11720385277395
0.8	1.6	4.49771414512738
0.9	1.6	4.91139572938186
1	1.6	5.34431797501847
1.1	1.6	5.78234794793423
1.2	1.6	6.21153682431281
1.3	1.6	6.61850305162765
1.4	1.6	6.9908021796919
1.5	1.6	7.31727363029145
1.6	1.6	7.58835527457343
1.7	1.6	7.79635752729733
1.8	1.6	7.93568972430518
1.9	1.6	8.00303279645741
2	1.6	7.99745365716912
2.1	1.6	7.92045824481492
2.2	1.6	7.7759817657445
2.3	1.6	7.57031632645877
2.4	1.6	7.31197778162318
2.5	1.6	7.01151521515033
2.6	1.6	6.6812679729207
2.7	1.6	6.33507653851723
2.8	1.6	5.98795475167955
2.9	1.6	5.655731881396
3	1.6	5.35467385514091
3.1	1.6	5.10109349205233
3.2	1.6	4.91095987652534
3.3	1.6	4.79951703220521
3.4	1.6	4.78092181408426
3.5	1.6	4.86791043467439
3.6	1.6	5.07150229217955
3.7	1.6	5.40074879380725
3.8	1.6	5.86253369135753
3.9	1.6	6.46143009979626
4	1.6	7.19961788790688
4.1	1.6	8.07686355210889
4.2	1.6	9.0905630514436
4.3	1.6	10.2358464363109
4.4	1.6	11.5057414888709
4.5	1.6	12.8913920513699
4.6	1.6	14.3823252903674
4.7	1.6	15.9667608673191
4.8	1.6	17.6319538926485
4.9	1.6	19.3645626599252
5	1.6	21.1510315121188
0	1.7	3.2089
0.1	1.7	3.06009545756395
0.2	1.7	3.01231271822841
0.3	1.7	3.06148473877638
0.4	1.7	3.20096627085144
0.5	1.7	3.42172959541867
0.6	1.7	3.71263066627866
0.7	1.7	4.06073804834292
0.8	1.7	4.45171523854736
0.9	1.7	4.87024542781789
1	1.7	5.30048654502802
1.1	1.7	5.72654355313136
1.2	1.7	6.13294446846005
1.3	1.7	6.50510646081313
1.4	1.7	6.8297786676826
1.5	1.7	7.09544901295409
1.6	1.7	7.29270333998717
1.7	1.7	7.41452652210368
1.8	1.7	7.45653686166403
1.9	1.7	7.41714698515457
2	1.7	7.29764653203464
2.1	1.7	7.10220415996105
2.2	1.7	6.83778868504142
2.3	1.7	6.51401147756073
2.4	1.7	6.14289447560178
2.5	1.7	5.73857029726855
2.6	1.7	5.31692286646886
2.7	1.7	4.89517866231071
2.8	1.7	4.49146010981391
2.9	1.7	4.12431370972496
3	1.7	3.81222622696587
3.1	1.7	3.57314260007343
3.2	1.7	3.42399918811355
3.3	1.7	3.38028553827721
3.4	1.7	3.45564704900936
3.5	1.7	3.66153974309983
3.6	1.7	4.00694688571935
3.7	1.7	4.49816542604061
3.8	1.7	5.13866825786165
3.9	1.7	5.92904614102382
4	1.7	6.86703086272152
4.1	1.7	7.94759891047266
4.2	1.7	9.16315264226555
4.3	1.7	10.5037737393239
4.4	1.7	11.9575416756875
4.5	1.7	13.5109080947951
4.6	1.7	15.149116398984
4.7	1.7	16.8566545783823
4.8	1.7	18.617728367481
4.9	1.7	20.4167412474225
5	1.7	22.2387676259377
0	1.8	3.1124
0.1	1.8	2.96600607986474
0.2	1.8	2.92522414884394
0.3	1.8	2.98530497027371
0.4	1.8	3.13850247432061
0.5	1.8	3.37432221982275
0.6	1.8	3.6798583665296
0.7	1.8	4.0402086880677
0.8	1.8	4.43895472865956
0.9	1.8	4.85869217822104
1	1.8	5.28159497371825
1.1	1.8	5.68999557807328
1.2	1.8	6.06696337419681
1.3	1.8	6.39686315684741
1.4	1.8	6.66587630765328
1.5	1.8	6.86246838023424
1.6	1.8	6.97778846772425
1.7	1.8	7.00598782334225
1.8	1.8	6.94444769121431
1.9	1.8	6.79390910263573
2	1.8	6.55850041597196
2.1	1.8	6.24566153306561
2.2	1.8	5.86596691390493
2.3	1.8	5.43285263591045
2.4	1.8	4.962255707987
2.5	1.8	4.47217656090221
2.6	1.8	3.98217801081542
2.7	1.8	3.51283595849746
2.8	1.8	3.08515858219958
2.9	1.8	2.71999176102435
3	1.8	2.43742889774525
3.1	1.8	2.25624318192657
3.2	1.8	2.1933596498251
3.3	1.8	2.26338317799981
3.4	1.8	2.47819683044032
3.5	1.8	2.84664281733536
3.6	1.8	3.37429578405869
3.7	1.8	4.06333530994007
3.8	1.8	4.91252144554783
3.9	1.8	5.91727394871437
4	1.8	7.06985269119373
4.1	1.8	8.35963359806898
4.2	1.8	9.77347154681425
4.3	1.8	11.2961389828534
4.4	1.8	12.9108266859439
4.5	1.8	14.5996912184085
4.6	1.8	16.3444321608481
4.7	1.8	18.1268813374359
4.8	1.8	19.9295858790348
4.9	1.8	21.7363671790373
5	1.8	23.5328385575153
0	1.9	3.0561
0.1	1.9	2.91211454788542
0.2	1.9	2.87830142738013
0.3	1.9	2.94915495381689
0.4	1.9	3.11571217271359
0.5	1.9	3.36586510771764
0.6	1.9	3.68478310289414
0.7	1.9	4.05543105042645
0.8	1.9	4.45916606401268
0.9	1.9	4.87639251078413
1	1.9	5.28725333904576
1.1	1.9	5.67233440170185
1.2	1.9	6.01335801738128
1.3	1.9	6.29384234847105
1.4	1.9	6.49970429639496
1.5	1.9	6.61978548223814
1.6	1.9	6.6462834329681
1.7	1.9	6.5750732449233
1.8	1.9	6.40590864178441
1.9	1.9	6.14249536224971
2	1.9	5.79243406898747
2.1	1.9	5.36703432304037
2.2	1.9	4.88100547138599
2.3	1.9	4.35203440611002
2.4	1.9	3.80026393434188
2.5	1.9	3.24768882245942
2.6	1.9	2.71748933503517
2.7	1.9	2.23332418644787
2.8	1.9	1.81860619090495
2.9	1.9	1.49578448904975
3	1.9	1.28565702647621
3.1	1.9	1.2067359680022
3.2	1.9	1.27468698444251
3.3	1.9	1.50186090407605
3.4	1.9	1.89693316050276
3.5	1.9	2.46466289417417
3.6	1.9	3.20577959575314
3.7	1.9	4.11700094797884
3.8	1.9	5.19118117000476
3.9	1.9	6.41758483940293
4	1.9	7.78227700654766
4.1	1.9	9.26861656264072
4.2	1.9	10.8578364046998
4.3	1.9	12.5296910723367
4.4	1.9	14.2631503076924
4.5	1.9	16.0371154855145
4.6	1.9	17.8311351251084
4.7	1.9	19.6260957541111
4.8	1.9	21.4048652436051
4.9	1.9	23.1528673464432
5	1.9	24.8585684917868
0	2	3.04
0.1	2	2.89842074263153
0.2	2	2.87154270024064
0.3	2	2.95302572421268
0.4	2	3.1325688452796
0.5	2	3.39629904511078
0.6	2	3.72729562091913
0.7	2	4.1062310920745
0.8	2	4.51210535472561
0.9	2	4.92304638766444
1	2	5.31714837296959
1.1	2	5.67331670650655
1.2	2	5.9720890864545
1.3	2	6.19640269331203
1.4	2	6.33227938289475
1.5	2	6.36940373626146
1.6	2	6.30157264234162
1.7	2	6.12699969256685
1.8	2	5.84846287651145
1.9	2	5.47328969604142
2	2	5.01317966027465
2.1	2	4.48386997445599
2.2	2	3.90465588208876
2.3	2	3.29778235810151
2.4	2	2.6877284928671
2.5	2	2.1004097853625
2.6	2	1.56232653893696
2.7	2	1.09968851779684
2.8	2	0.7375469055048
2.9	2	0.498964376510565
3	2	0.404252756003229
3.1	2	0.470305349986039
3.2	2	0.710047662246692
3.3	2	1.13202599860916
3.4	2	1.74014854289598
3.5	2	2.53358804995651
3.6	2	3.50684953429409
3.7	2	4.65000044540536
3.8	2	5.94905502441171
3.9	2	7.38649903912549
4	2	8.94193609379259
4.1	2	10.5928323849633
4.2	2	12.3153332815066
4.3	2	14.0851225700327
4.4	2	15.8782937178339
4.5	2	17.6722021171141
4.6	2	19.4462680003784
4.7	2	21.1827015309141
4.8	2	22.8671244087248
4.9	2	24.4890660886911
5	2	26.0423172486796
0	2.1	3.0641
0.1	2.1	2.92492454522003
0.2	2.1	2.90494612088616
0.3	2.1	2.99690839529788
0.4	2.1	3.18904640481178
0.5	2.1	3.46556642131032
0.6	2.1	3.80729127342728
0.7	2.1	4.19244586563882
0.8	2.1	4.59755213712621
0.9	2.1	4.99839839344004
1	2.1	5.37104499583787
1.1	2.1	5.69282692044136
1.2	2.1	5.94331375965967
1.3	2.1	6.10518932989101
1.4	2.1	6.16501611129122
1.5	2.1	6.11385415939922
1.6	2.1	5.94770972427049
1.7	2.1	5.6677953743402
1.8	2.1	5.28059069593568
1.9	2.1	4.79770034398005
2	2.1	4.23551405702329
2.1	2.1	3.61468091713397
2.2	2.1	2.95941733571711
2.3	2.1	2.2966747013098
2.4	2.1	1.65519808492807
2.5	2.1	1.06451165111337
2.6	2.1	0.553869303589077
2.7	2.1	0.151210491521494
2.8	2.1	-0.117839038749671
2.9	2.1	-0.230883436080378
3	2.1	-0.169554914128458
3.1	2.1	0.079836576914798
3.2	2.1	0.525826984710308
3.3	2.1	1.17151328001496
3.4	2.1	2.01447093285347
3.5	2.1	3.04687685641349
3.6	2.1	4.25583307232588
3.7	2.1	5.62387867137392
3.8	2.1	7.12967044384945
3.9	2.1	8.74880611146444
4	2.1	10.4547586563706
4.1	2.1	12.2198860219837
4.2	2.1	14.0164776175071
4.3	2.1	15.8177977025919
4.4	2.1	17.5990859122403
4.5	2.1	19.3384768971724
4.6	2.1	21.0178042345335
4.7	2.1	22.6232582845581
4.8	2.1	24.1458733553214
4.9	2.1	25.5818261696934
5	2.1	26.9325349492308
0	2.2	3.1284
0.1	2.2	2.99162583688506
0.2	2.2	2.9785098501963
0.3	2.2	3.08079416385809
0.4	2.2	3.28511921809823
0.5	2.2	3.573611299491
0.6	2.2	3.9246702050876
0.7	2.2	4.3139239108764
0.8	2.2	4.71531006494475
0.9	2.2	5.1022387485184
1	2.2	5.44878746780792
1.1	2.2	5.73087790181288
1.2	2.2	5.92738459664442
1.3	2.2	6.02112853891484
1.4	2.2	5.99971324646181
1.5	2.2	5.8561674897101
1.6	2.2	5.58936673339987
1.7	2.2	5.20421453589429
1.8	2.2	4.71157508277468
1.9	2.2	4.12795835089743
2	2.2	3.47496967057035
2.1	2.2	2.77854525089512
2.2	2.2	2.06800415001153
2.3	2.2	1.37495483774527
2.4	2.2	0.732100594510477
2.5	2.2	0.171992263713252
2.6	2.2	-0.274220852727447
2.7	2.2	-0.577990989979129
2.8	2.2	-0.714473769709021
2.9	2.2	-0.663486820254865
3	2.2	-0.410285901804371
3.1	2.2	0.0538732887287656
3.2	2.2	0.731410702065001
3.3	2.2	1.61834826848368
3.4	2.2	2.70449007207702
3.5	2.2	3.97384906976026
3.6	2.2	5.4053029658846
3.7	2.2	6.97345247955532
3.8	2.2	8.6496469731932
3.9	2.2	10.4031355890555
4	2.2	12.2022969469808
4.1	2.2	14.0158973015689
4.2	2.2	15.814325970088
4.3	2.2	17.570757867677
4.4	2.2	19.2621960804796
4.5	2.2	20.8703524411117
4.6	2.2	22.3823308349391
4.7	2.2	23.7910861790095
4.8	2.2	25.0956413371774
4.9	2.2	26.3010542781823
5	2.2	27.4181381316465
0	2.3	3.2329
0.1	2.3	3.09852449898382
0.2	2.3	3.09223205683
0.3	2.3	3.2046743135097
0.4	2.3	3.42076212601711
0.5	2.3	3.72037948520972
0.6	2.3	4.07933752853429
0.7	2.3	4.4705256182575
0.8	2.3	4.8652075248949
0.9	2.3	5.23440414147617
1	2.3	5.55030015165983
1.1	2.3	5.78761086308116
1.2	2.3	5.92484705226236
1.3	2.3	5.94542007803792
1.4	2.3	5.83853651250651
1.5	2.3	5.59984080301711
1.6	2.3	5.23177560557837
1.7	2.3	4.74364192640908
1.8	2.3	4.15135452016586
1.9	2.3	3.4769015302732
2	2.3	2.74753051805733
2.1	2.3	1.99469522874084
2.2	2.3	1.2528081417848
2.3	2.3	0.557852574919173
2.4	2.3	-0.0540855327074796
2.5	2.3	-0.548302325988301
2.6	2.3	-0.892912504263572
2.7	2.3	-1.06017479856602
2.8	2.3	-1.02764843507088
2.9	2.3	-0.779129865647085
3	2.3	-0.305328590534379
3.1	2.3	0.39574773595211
3.2	2.3	1.3187160397619
3.3	2.3	2.45105207851906
3.4	2.3	3.77362627480708
3.5	2.3	5.26151801899586
3.6	2.3	6.88507316924948
3.7	2.3	8.611158870443
3.8	2.3	10.4045612301307
3.9	2.3	12.2294652071025
4	2.3	14.0509525587822
4.1	2.3	15.8364530117274
4.2	2.3	17.5570859935728
4.3	2.3	19.1888351972576
4.4	2.3	20.713505719554
4.5	2.3	22.1194231936661
4.6	2.3	23.4018457903367
4.7	2.3	24.5630726852507
4.8	2.3	25.6122460183708
4.9	2.3	26.5648569080068
5	2.3	27.4419791291743
0	2.4	3.3776
0.1	2.4	3.24562041300235
0.2	2.4	3.24611091758455
0.3	2.4	3.36854021854371
0.4	2.4	3.59595046326016
0.5	2.4	3.90581859278702
0.6	2.4	4.27120349172353
0.7	2.4	4.66212356410113
0.8	2.4	5.04709817471236
0.9	2.4	5.39477837702793
1	2.4	5.67558788326761
1.1	2.4	5.86329453402457
1.2	2.4	5.9364356301061
1.3	2.4	5.87952725352325
1.4	2.4	5.68399780977489
1.5	2.4	5.34879899305625
1.6	2.4	4.88066259703065
1.7	2.4	4.29398834650986
1.8	2.4	3.6103654169451
1.9	2.4	2.85774771070167
2	2.4	2.06931944706171
2.1	2.4	1.28210241493238
2.2	2.4	0.535368631285714
2.3	2.4	-0.131068444561565
2.4	2.4	-0.678605018623716
2.5	2.4	-1.07155901836422
2.6	2.4	-1.27876330323938
2.7	2.4	-1.27496557492536
2.8	2.4	-1.04196938278406
2.9	2.4	-0.569462566673844
3	2.4	0.144506039191012
3.1	2.4	1.09342448211939
3.2	2.4	2.26259556681413
3.3	2.4	3.62978246622907
3.4	2.4	5.16619268536759
3.5	2.4	6.83775525337697
3.6	2.4	8.6066323925177
3.7	2.4	10.4328960431482
3.8	2.4	12.2762920230866
3.9	2.4	14.09801062456
4	2.4	15.8623822881879
4.1	2.4	17.538420646867
4.2	2.4	19.1011425285947
4.3	2.4	20.5326050998354
4.4	2.4	21.822613718098
4.5	2.4	22.9690696102981
4.6	2.4	23.9779434667969
4.7	2.4	24.8628786373458
4.8	2.4	25.6444450031255
4.9	2.4	26.3490809575994
5	2.4	27.0077754861075
0	2.5	3.5625
0.1	2.5	3.43291346056135
0.2	2.5	3.44014461775289
0.3	2.5	3.57238334772954
0.4	2.5	3.81066007766898
0.5	2.5	4.12987810947293
0.6	2.5	4.50018363623273
0.7	2.5	4.88860281645805
0.8	2.5	5.26086140196429
0.9	2.5	5.58329283705271
1	2.5	5.82473594791303
1.1	2.5	5.95832356922801
1.2	2.5	5.96306870289667
1.3	2.5	5.82516481096317
1.4	2.5	5.53893110987648
1.5	2.5	5.10735153926455
1.6	2.5	4.54217652925452
1.7	2.5	3.8635787555559
1.8	2.5	3.09937663830992
1.9	2.5	2.28386127017429
2	2.5	1.45628264359346
2.1	2.5	0.659068466156425
2.2	2.5	-0.0641373755542007
2.3	2.5	-0.670520217949659
2.4	2.5	-1.12012280390078
2.5	2.5	-1.37775562883349
2.6	2.5	-1.41469434312636
2.7	2.5	-1.21007939279404
2.8	2.5	-0.751947632859742
2.9	2.5	-0.0378437378843914
3	2.5	0.925020042899765
3.1	2.5	2.1200649200092
3.2	2.5	3.52209372611447
3.3	2.5	5.09845041421353
3.4	2.5	6.81053474303241
3.5	2.5	8.61559843938746
3.6	2.5	10.4687352400675
3.7	2.5	12.324967698523
3.8	2.5	14.1413289700615
3.9	2.5	15.8788381956288
4	2.5	17.5042735657177
4.1	2.5	18.9916573856573
4.2	2.5	20.3233819646521
4.3	2.5	21.4909231827133
4.4	2.5	22.4951092442082
4.5	2.5	23.3459343649601
4.6	2.5	24.0619298434937
4.7	2.5	24.6691269953016
4.8	2.5	25.19966667587
4.9	2.5	25.6901275680797
5	2.5	26.1796591885346
0	2.6	3.7876
0.1	2.6	3.66040352342197
0.2	2.6	3.67433135147927
0.3	2.6	3.81619526807713
0.4	2.6	4.0648673491691
0.5	2.6	4.39250945731882
0.6	2.6	4.76619894622332
0.7	2.6	5.14986121100717
0.8	2.6	5.50640270219108
0.9	2.6	5.7999267528493
1	2.6	5.99790966255834
1.1	2.6	6.07321620933176
1.2	2.6	6.0058420362549
1.3	2.6	5.78428474526745
1.4	2.6	5.40646525999347
1.5	2.6	4.88014503840496
1.6	2.6	4.22281173879764
1.7	2.6	3.46103452094502
1.8	2.6	2.6293187653846
1.9	2.6	1.76851708186894
2	2.6	0.923877597006407
2.1	2.6	0.142830362674453
2.2	2.6	-0.527372760029836
2.3	2.6	-1.04204099775844
2.4	2.6	-1.36132479373037
2.5	2.6	-1.45227250397564
2.6	2.6	-1.29055432048995
2.7	2.6	-0.861761248463536
2.8	2.6	-0.162209067842502
2.9	2.6	0.80079692475767
3	2.6	2.00925234384401
3.1	2.6	3.43528612332827
3.2	2.6	5.04249324224564
3.3	2.6	6.78769981230001
3.4	2.6	8.62306986020779
3.5	2.6	10.4984452165492
3.6	2.6	12.3637977452558
3.7	2.6	14.1716673610314
3.8	2.6	15.879460191949
3.9	2.6	17.4514887998457
4	2.6	18.8606501660465
4.1	2.6	20.0896564456619
4.2	2.6	21.1317572582995
4.3	2.6	21.990919246576
4.4	2.6	22.6814573564453
4.5	2.6	23.2271412422435
4.6	2.6	23.6598278308125
4.7	2.6	24.0176959210929
4.8	2.6	24.3431794265936
4.9	2.6	24.6807113876455
5	2.6	25.0744003676669
0	2.7	4.0529
0.1	2.7	3.92809048349161
0.2	2.7	3.94866932211324
0.3	2.7	4.09996764855578
0.4	2.7	4.35854920828695
0.5	2.7	4.69366605267929
0.6	2.7	5.06917598780422
0.7	2.7	5.44580959630304
0.8	2.7	5.78365397519485
0.9	2.7	6.0447072875399
1	2.7	6.19535356612393
1.1	2.7	6.2086112099006
1.2	2.7	6.06602106152438
1.3	2.7	5.75906014734517
1.4	2.7	5.28999395747426
1.5	2.7	4.67211202288607
1.6	2.7	3.92932669742242
1.7	2.7	3.09515147493494
1.8	2.7	2.21111079077815
1.9	2.7	1.32466604085734
2	2.7	0.486770627729453
2.1	2.7	-0.250811395334239
2.2	2.7	-0.83827431497489
2.3	2.7	-1.23047280590991
2.4	2.7	-1.38940538256707
2.5	2.7	-1.28633910694624
2.6	2.7	-0.903454859621782
2.7	2.7	-0.234918794463637
2.8	2.7	0.712682706919292
2.9	2.7	1.92057197183737
3	2.7	3.35866335338846
3.1	2.7	4.98705498802657
3.2	2.7	6.75804915484924
3.3	2.7	8.61859194115513
3.4	2.7	10.5129995684856
3.5	2.7	12.3858228072178
3.6	2.7	14.184693304073
3.7	2.7	15.8629967931529
3.8	2.7	17.3822279898792
3.9	2.7	18.7138999199722
4	2.7	19.840905494528
4.1	2.7	20.7582598879713
4.2	2.7	21.4731869679057
4.3	2.7	22.0045497022103
4.4	2.7	22.381661055972
4.5	2.7	22.6425463226489
4.6	2.7	22.8317581680072
4.7	2.7	22.9978701937751
4.8	2.7	23.1907921735649
4.9	2.7	23.4590593082645
5	2.7	23.8472483872867
0	2.8	4.3584
0.1	2.8	4.23597422282971
0.2	2.8	4.26315674256173
0.3	2.8	4.42369226376799
0.4	2.8	4.69168315423507
0.5	2.8	5.03330336327129
0.6	2.8	5.40904703855015
0.7	2.8	5.77637204778563
0.8	2.8	6.0925737385459
0.9	2.8	6.3177094282954
1	2.8	6.41739022173677
1.1	2.8	6.36526405611283
1.2	2.8	6.14503195213691
1.3	2.8	5.75186722115381
1.4	2.8	5.19314318284111
1.5	2.8	4.48841662953667
1.6	2.8	3.66865932242067
1.7	2.8	2.77477550378185
1.8	2.8	1.85548699787828
1.9	2.8	0.964706313218482
2	2.8	0.158549896597358
2.1	2.8	-0.507833606388146
2.2	2.8	-0.983432947483859
2.3	2.8	-1.22435349569921
2.4	2.8	-1.19642803026601
2.5	2.8	-0.877301930383424
2.6	2.8	-0.257865923294347
2.7	2.8	0.657052445471652
2.8	2.8	1.84878404996102
2.9	2.8	3.28569933795386
3	2.8	4.92482833002882
3.1	2.8	6.71412881947545
3.2	2.8	8.59527386734365
3.3	2.8	10.5067990237535
3.4	2.8	12.3874284753171
3.5	2.8	14.1793887883983
3.6	2.8	15.8315197178196
3.7	2.8	17.3020036312144
3.8	2.8	18.5605577360897
3.9	2.8	19.5899651337523
4	2.8	20.386859855424
4.1	2.8	20.9617251194372
4.2	2.8	21.338110447788
4.3	2.8	21.5511192224918
4.4	2.8	21.6452610040938
4.5	2.8	21.6717999280415
4.6	2.8	21.6857595386925
4.7	2.8	21.7427637943553
4.8	2.8	21.8959025413524
4.9	2.8	22.19280702263
5	2.8	22.6731071482307
0	2.9	4.7041
0.1	2.9	4.58405462365353
0.2	2.9	4.61779183563937
0.3	2.9	4.78736099757674
0.4	2.9	5.06424727255165
0.5	2.9	5.41137896272064
0.6	2.9	5.78575020694645
0.7	2.9	6.14148605003872
0.8	2.9	6.43314725763762
0.9	2.9	6.61905568880971
1	2.9	6.6644186368164
1.1	2.9	6.54404248570138
1.2	2.9	6.24445156644841
1.3	2.9	5.76526561992952
1.4	2.9	5.11973640373499
1.5	2.9	4.33439771728671
1.6	2.9	3.44784003831562
1.7	2.9	2.50867742890044
1.8	2.9	1.57282676871138
1.9	2.9	0.700264347971164
2	2.9	-0.0485404883834253
2.1	2.9	-0.61629284978075
2.2	2.9	-0.952411060962158
2.3	2.9	-1.01621322087065
2.4	2.9	-0.779548736637198
2.5	2.9	-0.228705552890811
2.6	2.9	0.634531842033489
2.7	2.9	1.79274615522298
2.8	2.9	3.2136881617535
2.9	2.9	4.85197182810005
3	2.9	6.651565073943
3.1	2.9	8.54892789096671
3.2	2.9	10.4766090684465
3.3	2.9	12.3670840658946
3.4	2.9	14.1566014392422
3.5	2.9	15.7888046273837
3.6	2.9	17.2179098798709
3.7	2.9	18.411248772084
3.8	2.9	19.3510233638044
3.9	2.9	20.0351711086417
4	2.9	20.4772920174037
4.1	2.9	20.705648821309
4.2	2.9	20.7613082968631
4.3	2.9	20.6955448851681
4.4	2.9	20.5666729317886
4.5	2.9	20.4365084531385
4.6	2.9	20.3666831420812
4.7	2.9	20.4150410122439
4.8	2.9	20.6323411982462
4.9	2.9	21.0594694536781
5	2.9	21.7253271903499
0	3	5.09
0.1	3	4.9723315683439
0.2	3	5.01257283441677
0.3	3	5.19096584668452
0.4	3	5.4762202522803
0.5	3	5.82785258252902
0.6	3	6.19922954154966
0.7	3	6.54110264685941
0.8	3	6.8053865918821
0.9	3	6.94891562320367
1	3	6.93691230873681
1.1	3	6.74592134667825
1.2	3	6.36599632796711
1.3	3	5.80197726432196
1.4	3	5.07375788371168
1.5	3	4.21551006030613
1.6	3	3.27390367936579
1.7	3	2.30542894976323
1.8	3	1.37299001876612
1.9	3	0.541989519799011
2	3	-0.123840064832954
2.1	3	-0.566583106545935
2.2	3	-0.737989604335841
2.3	3	-0.602767643615644
2.4	3	-0.141096121891597
2.5	3	0.649815636929277
2.6	3	1.75523294912846
2.7	3	3.14350760782545
2.8	3	4.76776604394696
2.9	3	6.56857260456139
3	3	8.47740247006878
3.1	3	10.4207052375875
3.2	3	12.3243010532587
3.3	3	14.1178289980986
3.4	3	15.738963706789
3.5	3	17.1371311822448
3.6	3	18.2764874689822
3.7	3	19.137972091738
3.8	3	19.7203087429293
3.9	3	20.0398945827137
4	3	20.129592116649
4.1	3	20.0365091118157
4.2	3	19.818917654853
4.3	3	19.5425188930158
4.4	3	19.2763015676205
4.5	3	19.0882674155743
4.6	3	19.0413032606032
4.7	3	19.1894677441114
4.8	3	19.574931005727
4.9	3	20.2257602530573
5	3	21.1546861465942
0	3.1	5.5161
0.1	3.1	5.40080493945101
0.2	3.1	5.44749798256686
0.3	3.1	5.63449892416275
0.4	3.1	5.92758140267675
0.5	3.1	6.28268616139782
0.6	3.1	6.64943512967135
0.7	3.1	6.97518655877841
0.8	3.1	7.20933055690176
0.9	3.1	7.30750515328736
1	3.1	7.23541690563647
1.1	3.1	6.97197682031581
1.2	3.1	6.5115101213889
1.3	3.1	5.86486381771979
1.4	3.1	5.05931444798945
1.5	3.1	4.13726426435198
1.6	3.1	3.15380133681082
1.7	3.1	2.17328140323983
1.8	3.1	1.26516086796277
1.9	3.1	0.499366029781082
2	3.1	-0.0584806200064012
2.1	3.1	-0.351642962397658
2.2	3.1	-0.33633894097214
2.3	3.1	0.014997115843201
2.4	3.1	0.711494141900649
2.5	3.1	1.74283174139482
2.6	3.1	3.07951835559174
2.7	3.1	4.67445419766782
2.8	3.1	6.46568401953819
2.9	3.1	8.38016211650035
3	3.1	10.3382814164415
3.1	3.1	12.2588650078471
3.2	3.1	14.0642858074927
3.3	3.1	15.6853705652438
3.4	3.1	17.0657587350674
3.5	3.1	18.165423919014
3.6	3.1	18.9631230203694
3.7	3.1	19.4576119068931
3.8	3.1	19.6675511293733
3.9	3.1	19.6301151333732
4	3.1	19.3984071543921
4.1	3.1	19.0378633961567
4.2	3.1	18.6218984789797
4.3	3.1	18.2270947538372
4.4	3.1	17.9282674094726
4.5	3.1	17.7937433590849
4.6	3.1	17.8811743269194
4.7	3.1	18.2341646754429
4.8	3.1	18.8799352031693
4.9	3.1	19.8281696484944
5	3.1	21.0711062653144
0	3.2	5.9824
0.1	3.2	5.86947461970016
0.2	3.2	5.92256553470911
0.3	3.2	6.1179524629297
0.4	3.2	6.41831066942937
0.5	3.2	6.7758438918485
0.6	3.2	7.13632318541118
0.7	3.2	7.44371626774911
0.8	3.2	7.64504460283531
0.9	3.2	7.69508571184983
1	3.2	7.56054759373616
1.1	3.2	7.22338004362
1.2	3.2	6.68295128979532
1.3	3.2	5.95690300516479
1.4	3.2	5.0805960730562
1.5	3.2	4.10516606813753
1.6	3.2	3.09431325549222
1.7	3.2	2.12004905423982
1.8	3.2	1.25770202636602
1.9	3.2	0.580545386514319
2	3.2	0.154440275951781
2.1	3.2	0.0328920767475216
2.2	3.2	0.252890507014166
2.3	3.2	0.831849985307685
2.4	3.2	1.76588870208176
2.5	3.2	3.02958868962799
2.6	3.2	4.57727199977018
2.7	3.2	6.34571777730705
2.8	3.2	8.25813970329523
2.9	3.2	10.2291507668722
3	3.2	12.1703694639415
3.1	3.2	13.9962737274024
3.2	3.2	15.6298897305983
3.3	3.2	17.0079136235438
3.4	3.2	18.0849044880356
3.5	3.2	18.836253394611
3.6	3.2	19.2597215243099
3.7	3.2	19.3754434075068
3.8	3.2	19.2244018502794
3.9	3.2	18.86549094105
4	3.2	18.3713845898942
4.1	3.2	17.8235129394007
4.2	3.2	17.3065114938699
4.3	3.2	16.9025434017421
4.4	3.2	16.6859014525973
4.5	3.2	16.718272658576
4.6	3.2	17.044996633432
4.7	3.2	17.6925732817572
4.8	3.2	18.6675812610258
4.9	3.2	19.9570633222624
5	3.2	21.5303258348318
0	3.3	6.4889
0.1	3.3	6.37834049199749
0.2	3.3	6.43777375675163
0.3	3.3	6.64131881917568
0.4	3.3	6.94838865038068
0.5	3.3	7.30729226408225
0.6	3.3	7.65985612688382
0.7	3.3	7.9466840688021
0.8	3.3	8.11262060913977
0.9	3.3	8.1119632053755
1	3.3	7.91298602425507
1.1	3.3	7.50139016908912
1.2	3.3	6.88237882470782
1.3	3.3	6.08116397182258
1.4	3.3	5.14183567833087
1.5	3.3	4.12465569831137
1.6	3.3	3.10196387133194
1.7	3.3	2.15299856843122
1.8	3.3	1.35802220335705
1.9	3.3	0.792202426503772
2	3.3	0.519724203208158
2.1	3.3	0.588595442128486
2.2	3.3	1.02655998454363
2.3	3.3	1.83845024258373
2.4	3.3	3.00520380399854
2.5	3.3	4.48464221054335
2.6	3.3	6.21397561461075
2.7	3.3	8.11386455332827
2.8	3.3	10.0937499466208
2.9	3.3	12.0580639835161
3	3.3	13.9128654973303
3.1	3.3	15.5724091616852
3.2	3.3	16.965161085425
3.3	3.3	18.038813954332
3.4	3.3	18.7639296719965
3.5	3.3	19.1359407434331
3.6	3.3	19.1753654634316
3.7	3.3	18.9262267654769
3.8	3.3	18.4527999565799
3.9	3.3	17.8349400707949
4	3.3	17.1623455566773
4.1	3.3	16.5281933355172
4.2	3.3	16.0226249512331
4.3	3.3	15.7265712253569
4.4	3.3	15.7063730584834
4.5	3.3	16.0095912234381
4.6	3.3	16.6623033346339
4.7	3.3	17.6680691235895
4.8	3.3	19.0086148974124
4.9	3.3	20.6461548025738
5	3.3	22.5271406610152
0	3.4	7.0356
0.1	3.4	6.92740243943575
0.2	3.4	6.99312092623103
0.3	3.4	7.20459047573386
0.4	3.4	7.51779661073766
0.5	3.4	7.87700010702533
0.6	3.4	8.22000264250376
0.7	3.4	8.48409608854109
0.8	3.4	8.61217659653178
0.9	3.4	8.55848680030282
1	3.4	8.29347699468349
1.1	3.4	7.8073469028865
1.2	3.4	7.11193784638423
1.3	3.4	6.2407818849255
1.4	3.4	5.24726850573083
1.5	3.4	4.20104794604351
1.6	3.4	3.1829400543251
1.7	3.4	2.27874623036504
1.8	3.4	1.57245864249316
1.9	3.4	1.13941741692383
2	3.4	1.03997793488326
2.1	3.4	1.31421556304583
2.2	3.4	1.97811669528816
2.3	3.4	3.02158911379185
2.4	3.4	4.40848069835591
2.5	3.4	6.07863507701699
2.6	3.4	7.95184895810272
2.7	3.4	9.93344197195185
2.8	3.4	11.921018461451
2.9	3.4	13.8119025664417
3	3.4	15.5106712250217
3.1	3.4	16.9361990815763
3.2	3.4	18.0276657133825
3.3	3.4	18.7490561980005
3.4	3.4	19.0918043738068
3.5	3.4	19.0753746523911
3.6	3.4	18.7457410845702
3.7	3.4	18.1718883930999
3.8	3.4	17.440615443671
3.9	3.4	16.6500545541773
4	3.4	15.9024194342118
4.1	3.4	15.2965524402328
4.2	3.4	14.9208536569832
4.3	3.4	14.8471392643216
4.4	3.4	15.1258977347306
4.5	3.4	15.7832962141338
4.6	3.4	16.8201455753267
4.7	3.4	18.2128729389766
4.8	3.4	19.9163880281518
4.9	3.4	21.8685778350728
5	3.4	23.9960350996249
0	3.5	7.6225
0.1	3.5	7.51666034529997
0.2	3.5	7.58860533265002
0.3	3.5	7.80776004539518
0.4	3.5	8.12651649775888
0.5	3.5	8.48493862650973
0.6	3.5	8.81673774621069
0.7	3.5	9.05597227043582
0.8	3.5	9.14385635697136
0.9	3.5	9.03504753764106
1	3.5	8.70282480076509
1.1	3.5	8.14266256564646
1.2	3.5	7.37384447674805
1.3	3.5	6.43893198936402
1.4	3.5	5.4010914769518
1.5	3.5	4.33947362526772
1.6	3.5	3.34301358153523
1.7	3.5	2.50316436078337
1.8	3.5	1.90617664446582
1.9	3.5	1.62558632316238
2	3.5	1.71556242769538
2.1	3.5	2.20570286338653
2.2	3.5	3.09774890089713
2.3	3.5	4.36453141905422
2.4	3.5	5.95127579096378
2.5	3.5	7.77919387881905
2.6	3.5	9.7510977954543
2.7	3.5	11.7585975023749
2.8	3.5	13.690307776624
2.9	3.5	15.4404013773254
3	3.5	16.9168120972146
3.1	3.5	18.0484167812166
3.2	3.5	18.790607322863
3.3	3.5	19.1287952699861
3.4	3.5	19.0795618956773
3.5	3.5	18.6893610302727
3.6	3.5	18.0308841468254
3.7	3.5	17.1973900272303
3.8	3.5	16.2954684951113
3.9	3.5	15.4368350724411
4	3.5	14.7298302955013
4.1	3.5	14.2713174297043
4.2	3.5	14.1396339326671
4.3	3.5	14.3891586979919
4.4	3.5	15.04691701697
4.5	3.5	16.1114704444332
4.6	3.5	17.554144396707
4.7	3.5	19.322449020293
4.8	3.5	21.3453655170357
4.9	3.5	23.5400163034373
5	3.5	25.8191261278654
0	3.6	8.2496
0.1	3.6	8.14611409307326
0.2	3.6	8.2242252778127
0.3	3.6	8.45082027416601
0.4	3.6	8.77453095490694
0.5	3.6	9.1310814405424
0.6	3.6	9.45004282153854
0.7	3.6	9.66234632694747
0.8	3.6	9.70782900284813
0.9	3.6	9.54207678144174
1	3.6	9.14188929705673
1.1	3.6	8.50881372296172
1.2	3.6	7.67037021162455
1.3	3.6	6.67880333162393
1.4	3.6	5.60742291848086
1.5	3.6	4.5448230574099
1.6	3.6	3.58746881157449
1.7	3.6	2.83129825677235
1.8	3.6	2.36308767122116
1.9	3.6	2.25236082608681
2	3.6	2.54458575875683
2.1	3.6	3.25629711144889
2.2	3.6	4.37261815666421
2.3	3.6	5.84744842887343
2.4	3.6	7.60634891762991
2.5	3.6	9.55191793065717
2.6	3.6	11.5712284088235
2.7	3.6	13.544711665212
2.8	3.6	15.3557400142471
2.9	3.6	16.9000936120812
3	3.6	18.0945012816738
3.1	3.6	18.8835209873714
3.2	3.6	19.244166407432
3.3	3.6	19.1878793724074
3.4	3.6	18.7596767293066
3.5	3.6	18.0345442126554
3.6	3.6	17.1113875438632
3.7	3.6	16.1050611995212
3.8	3.6	15.1371595023952
3.9	3.6	14.3263584303518
4	3.6	13.7791307552057
4.1	3.6	13.5816189806967
4.2	3.6	13.7933436758742
4.3	3.6	14.4432589549289
4.4	3.6	15.5284570366494
4.5	3.6	17.0155889105035
4.6	3.6	18.8448292058638
4.7	3.6	20.9359917513211
4.8	3.6	23.1962177281667
4.9	3.6	25.5285270631084
5	3.6	27.8404572001322
0	3.7	8.9169
0.1	3.7	8.81576356644243
0.2	3.7	8.89997907615733
0.3	3.7	9.13376404446703
0.4	3.7	9.46182333545505
0.5	3.7	9.81540461161991
0.6	3.7	10.1199056544501
0.7	3.7	10.3032656586012
0.8	3.7	10.3042884367835
0.9	3.7	10.0800445072809
1	3.7	9.61158168536135
1.1	3.7	8.90733243515063
1.2	3.7	8.00382590248825
1.3	3.7	6.96357236951151
1.4	3.7	5.8702630408338
1.5	3.7	4.82169220511131
1.6	3.7	3.92103646687224
1.7	3.7	3.26729482958309
1.8	3.7	2.94578732970279
1.9	3.7	3.01961914850351
2	3.7	3.52294014673528
2.1	3.7	4.45667323892192
2.2	3.7	5.78716318681044
2.3	3.7	7.44793073534792
2.4	3.7	9.34443036397477
2.5	3.7	11.3614301072333
2.6	3.7	13.37238521284
2.7	3.7	15.2499871460643
2.8	3.7	16.8769536993016
2.9	3.7	18.1560958816227
3	3.7	19.0187560098386
3.1	3.7	19.4308538603011
3.2	3.7	19.3959908926684
3.3	3.7	18.95532681681
3.4	3.7	18.184233737378
3.5	3.7	17.1860238591362
3.6	3.7	16.0833103598322
3.7	3.7	15.007773155797
3.8	3.7	14.0892423315583
3.9	3.7	13.4450690554458
4	3.7	13.1707217844375
4.1	3.7	13.3324277146013
4.2	3.7	13.9624869989306
4.3	3.7	15.057638403736
4.4	3.7	16.5805731919206
4.5	3.7	18.4644054957601
4.6	3.7	20.619639181898
4.7	3.7	22.9429481146133
4.8	3.7	25.326929340207
4.9	3.7	27.6699113273008
5	3.7	29.8849086925591
0	3.8	9.6244
0.1	3.8	9.52560864930378
0.2	3.8	9.61586505508676
0.3	3.8	9.856584378272
0.4	3.8	10.1883777155373
0.5	3.8	10.5378866760489
0.6	3.8	10.8263204548792
0.7	3.8	10.9787912402001
0.8	3.8	10.9334527437107
0.9	3.8	10.6494574375431
1	3.8	10.112860051662
1.1	3.8	9.33979717815871
1.2	3.8	8.37654546068025
1.3	3.8	7.29637668605344
1.4	3.8	6.19345555127072
1.5	3.8	5.17433204827686
1.6	3.8	4.34783435349939
1.7	3.8	3.81434394948846
1.8	3.8	3.65551421848516
1.9	3.8	3.92546820610113
2	3.8	4.64438233295001
2.1	3.8	5.79514248368682
2.2	3.8	7.32346820690864
2.3	3.8	9.14156787278097
2.4	3.8	11.1350450326702
2.5	3.8	13.1724575055376
2.6	3.8	15.1166672909094
2.7	3.8	16.8369373982626
2.8	3.8	18.220649328667
2.9	3.8	19.1835407916922
3	3.8	19.6774952739689
3.1	3.8	19.6951408944973
3.2	3.8	19.2708139957234
3.3	3.8	18.477784451362
3.4	3.8	17.4219917587051
3.5	3.8	16.2328695998729
3.6	3.8	15.0521099469472
3.7	3.8	14.0214095708907
3.8	3.8	13.2703335712029
3.9	3.8	12.9054136048022
4	3.8	13.0014747846676
4.1	3.8	13.5959670587068
4.2	3.8	14.6867857529981
4.3	3.8	16.2337304031132
4.4	3.8	18.1634037694047
4.5	3.8	20.3770278150282
4.6	3.8	22.7603818916756
4.7	3.8	25.1948765116976
4.8	3.8	27.5686820364833
4.9	3.8	29.7868438376957
5	3.8	31.7794319584628
0	3.9	10.3721
0.1	3.9	10.2756492257687
0.2	3.9	10.3718815552962
0.3	3.9	10.6192744401849
0.4	3.9	10.9541789066319
0.5	3.9	11.2985086702365
0.6	3.9	11.5692878669433
0.7	3.9	11.6889974744543
0.8	3.9	11.5955635071397
0.9	3.9	11.250857030905
1	3.9	10.6467246734169
1.1	3.9	9.80782348939787
1.2	3.9	8.79086939901076
1.3	3.9	7.68028902509688
1.4	3.9	6.58065076836634
1.5	3.9	5.60660176006493
1.6	3.9	4.87131576138177
1.7	3.9	4.47463332731141
1.8	3.9	4.49213028978425
1.9	3.9	4.96627704488579
2	3.9	5.90065574950509
2.1	3.9	7.25790451776734
2.2	3.9	8.96168697556479
2.3	3.9	10.9025796957634
2.4	3.9	12.9473705514651
2.5	3.9	14.950908923472
2.6	3.9	16.7693803635928
2.7	3.9	18.2737217185072
2.8	3.9	19.3618645148199
2.9	3.9	19.9685981890286
3	3.9	20.0720706445237
3.1	3.9	19.6962692716855
3.2	3.9	18.9092183918388
3.3	3.9	17.8170495872244
3.4	3.9	16.5545071825282
3.5	3.9	15.2728013207433
3.6	3.9	14.1259803271907
3.7	3.9	13.2571363138328
3.8	3.9	12.7857690675396
3.9	3.9	12.7975123484222
4	3.9	13.3371863591848
4.1	3.9	14.4058049970022
4.2	3.9	15.9617707897685
4.3	3.9	17.9260744156515
4.4	3.9	20.1909215865811
4.5	3.9	22.6308776110811
4.6	3.9	25.1153824349544
4.7	3.9	27.521369822148
4.8	3.9	29.7447347848224
4.9	3.9	31.7095312700294
5	3.9	33.3740322683306
0	4	11.16
0.1	4	11.0658851801695
0.2	4	11.1680269310986
0.3	4	11.4218275404543
0.4	4	11.7592124674688
0.5	4	12.0972541539181
0.6	4	12.3488149678071
0.7	4	12.4339720133755
0.8	4	12.2908850517486
0.9	4	11.8848173339971
1	4	11.2142131202016
1.1	4	10.3130543939568
1.2	4	9.24912832680901
1.3	4	8.11829186347218
1.4	4	7.03527059239919
1.5	4	6.12192619857936
1.6	4	5.4942261914943
1.7	4	5.24931757079395
1.8	4	5.45412303820618
1.9	4	6.13674097450472
2	4	7.28165208387245
2.1	4	8.82934512199959
2.2	4	10.6805125384062
2.3	4	12.7044831840998
2.4	4	14.7511051596666
2.5	4	16.6649162411481
2.6	4	18.3001828332085
2.7	4	19.5352792469573
2.8	4	20.2849298749067
2.9	4	20.5090431336633
3	4	20.2172068846275
3.1	4	19.4683550623387
3.2	4	18.365608438156
3.3	4	17.046787069627
3.4	4	15.6715360336998
3.5	4	14.4063528089545
3.6	4	13.4090177222876
3.7	4	12.8139859230008
3.8	4	12.7201946239521
3.9	4	13.1824842070916
4	4	14.2074534733438
4.1	4	15.7541080357956
4.2	4	17.7391654822855
4.3	4	20.0464037746873
4.4	4	22.539030563591
4.5	4	25.0737533428832
4.6	4	27.5150742933603
4.7	4	29.748334664065
4.8	4	31.6901901769597
4.9	4	33.2954931688124
5	4	34.559956356895
0	4.1	11.9881
0.1	4.1	11.8963163970647
0.2	4.1	12.0042995507468
0.3	4.1	12.2642371379234
0.4	4.1	12.6034647153501
0.5	4.1	12.934109230295
0.6	4.1	13.1649152552003
0.7	4.1	13.2138155478668
0.8	4.1	13.0197036146784
0.9	4.1	12.5519427037655
1	4.1	11.8163951716931
1.1	4.1	10.8571506679171
1.2	4.1	9.75362651481113
1.3	4.1	8.61325273014122
1.4	4.1	7.56047566771508
1.5	4.1	6.72325818248723
1.6	4.1	6.21856895228245
1.7	4.1	6.13850185348264
1.8	4.1	6.53862948153107
1.9	4.1	7.42997526467535
2	4.1	8.77560907842806
2.1	4.1	10.4923729865446
2.2	4.1	12.4576815459284
2.3	4.1	14.520777427631
2.4	4.1	16.5173209354088
2.5	4.1	18.2858078938658
2.6	4.1	19.6840880477422
2.7	4.1	20.6042215045933
2.8	4.1	20.9840690611626
2.9	4.1	20.8143472720408
3	4.1	20.1403549709173
3.1	4.1	19.0581430281544
3.2	4.1	17.7054917757933
3.3	4.1	16.2486158964183
3.4	4.1	14.8659737859827
3.5	4.1	13.7308673374094
3.6	4.1	12.9946449361782
3.7	4.1	12.7722514575256
3.8	4.1	13.1316120336584
3.9	4.1	14.0879198409303
4	4.1	15.6033681728796
4.1	4.1	17.5922820239375
4.2	4.1	19.9310285929836
4.3	4.1	22.4715825362376
4.4	4.1	25.0572452039741
4.5	4.1	27.5388079194988
4.6	4.1	29.7894292807304
4.7	4.1	31.7166660730901
4.8	4.1	33.2704362023559
4.9	4.1	34.4461609308355
5	4.1	35.2828792540188
0	4.2	12.8564
0.1	4.2	12.7669427612453
0.2	4.2	12.8806977967538
0.3	4.2	13.1464968429145
0.4	4.2	13.4869227368773
0.5	4.2	13.8090625630559
0.6	4.2	14.0176086236112
0.7	4.2	14.0286415660121
0.8	4.2	13.782326448128
0.9	4.2	13.2528654095731
1	4.2	12.4543675778896
1.1	4.2	11.4417809964767
1.2	4.2	10.3066256457838
1.3	4.2	9.16790047657222
1.4	4.2	8.15913505218498
1.5	4.2	7.41304596609184
1.6	4.2	7.0455800564189
1.7	4.2	7.14124042712277
1.8	4.2	7.74148155331667
1.9	4.2	8.83763674976534
2	4.2	10.3693406943982
2.1	4.2	12.2287883724177
2.2	4.2	14.2705012084173
2.3	4.2	16.3256290737817
2.4	4.2	18.2192783388066
2.5	4.2	19.7889847001691
2.6	4.2	20.9022896766182
2.7	4.2	21.4714516803157
2.8	4.2	21.4636199556073
2.9	4.2	20.905289858482
3	4.2	19.8804859478488
3.1	4.2	18.5228140819767
3.2	4.2	17.0022061391513
3.3	4.2	15.5077732791089
3.4	4.2	14.2286181822422
3.5	4.2	13.3346838036568
3.6	4.2	12.9597099628571
3.7	4.2	13.1881304003115
3.8	4.2	14.0472992462328
3.9	4.2	15.5058380845907
4	4.2	17.4782114166557
4.1	4.2	19.8349474052467
4.2	4.2	22.4173009679231
4.3	4.2	25.05467774209
4.4	4.2	27.5828537532393
4.5	4.2	29.8609676621743
4.6	4.2	31.7854349488532
4.7	4.2	33.2993144012534
4.8	4.2	34.3962009678402
4.9	4.2	35.1183610546661
5	4.2	35.5494914358227
0	4.3	13.7649
0.1	4.3	13.6777641577399
0.2	4.3	13.7972200662096
0.3	4.3	14.0686004200468
0.4	4.3	14.4095743980742
0.5	4.3	14.7221053902628
0.6	4.3	14.9069213291978
0.7	4.3	14.8785760806457
0.8	4.3	14.5790808560628
0.9	4.3	13.9882431245519
1	4.3	13.1292486872301
1.1	4.3	12.0686120852017
1.2	4.3	10.910328865472
1.3	4.3	9.7848026947107
1.4	4.3	8.83379868481886
1.5	4.3	8.19320627211877
1.6	4.3	7.97571273246111
1.7	4.3	8.25554999860224
1.8	4.3	9.05727218762158
1.9	4.3	10.3500711936291
2	4.3	12.048495136366
2.1	4.3	14.019675681962
2.2	4.3	16.0963864153627
2.3	4.3	18.094540508693
2.4	4.3	19.8331791353525
2.5	4.3	21.1546712911282
2.6	4.3	21.9427829339662
2.7	4.3	22.1364886119986
2.8	4.3	21.7378685587696
2.9	4.3	20.8131043994357
3	4.3	19.4863786112988
3.1	4.3	17.9273032451758
3.2	4.3	16.3332549224859
3.3	4.3	14.9085864894317
3.4	4.3	13.8430503186756
3.5	4.3	13.2918606583122
3.6	4.3	13.3596316025366
3.7	4.3	14.0899759010246
3.8	4.3	15.4618916425862
3.9	4.3	17.3932770903662
4	4.3	19.7510919818238
4.1	4.3	22.3669237069681
4.2	4.3	25.0561084362038
4.3	4.3	27.6381714870285
4.4	4.3	29.9562320492651
4.5	4.3	31.8931767498205
4.6	4.3	33.3828229246415
4.7	4.3	34.4149137005962
4.8	4.3	35.0335366754023
4.9	4.3	35.3293448567292
5	4.3	35.4266875738513
0	4.4	14.7136
0.1	4.4	14.6287804718206
0.2	4.4	14.7538647710954
0.3	4.4	15.0305417909863
0.4	4.4	15.3714083538997
0.5	4.4	15.6732315350827
0.6	4.4	15.8328859434793
0.7	4.4	15.7637573268561
0.8	4.4	15.410313168058
0.9	4.4	14.758756316162
1	4.4	13.8421729689235
1.1	4.4	12.7392987830116
1.2	4.4	11.5668652463412
1.3	4.4	10.4663444694192
1.4	4.4	9.58667291574512
1.5	4.4	9.06510317925562
1.6	4.4	9.00863174549297
1.7	4.4	9.47843778223789
1.8	4.4	10.4794410480746
1.9	4.4	11.9564838118046
2	4.4	13.7978356883129
2.1	4.4	15.8458114704774
2.2	4.4	17.9133943061959
2.3	4.4	19.8049834893971
2.4	4.4	21.3388364989777
2.5	4.4	22.3685201869953
2.6	4.4	22.800761128723
2.7	4.4	22.6074839229799
2.8	4.4	21.8305019333701
2.9	4.4	20.5781959658583
3	4.4	19.0144762575126
3.1	4.4	17.3412539023773
3.2	4.4	15.776434602839
3.3	4.4	14.5299930456675
3.4	4.4	13.7809225828404
3.5	4.4	13.65775273817
3.6	4.4	14.2248987309965
3.7	4.4	15.4764054268162
3.8	4.4	17.3377593811012
3.9	4.4	19.675476394854
4	4.4	22.3132470102603
4.1	4.4	25.0526518970502
4.2	4.4	27.6959367692594
4.3	4.4	30.0681247740937
4.4	4.4	32.0358667795104
4.5	4.4	33.5208685768105
4.6	4.4	34.5064314436718
4.7	4.4	35.0365096997559
4.8	4.4	35.2076162713877
4.9	4.4	35.1547786916799
5	4.4	35.0334552501521
0	4.5	15.7025
0.1	4.5	15.6199915890083
0.2	4.5	15.7506303385946
0.3	4.5	16.0323150371258
0.4	4.5	16.3724140571416
0.5	4.5	16.6624374133544
0.6	4.5	16.7955412958874
0.7	4.5	16.6843354301499
0.8	4.5	16.2763876534923
0.9	4.5	15.565105546309
1	4.5	14.5942854563198
1.1	4.5	13.4554742754258
1.2	4.5	12.2782747736734
1.3	4.5	11.2147086412157
1.4	4.5	10.4195993333773
1.5	4.5	10.0295330969965
1.6	4.5	10.1432175979175
1.7	4.5	10.8059438306242
1.8	4.5	12.0003785420549
1.9	4.5	13.6451299391469
2	4.5	15.6015388657932
2.1	4.5	17.6880790981446
2.2	4.5	19.7007436395055
2.3	4.5	21.4369818381024
2.4	4.5	22.7202434262324
2.5	4.5	23.4220500685522
2.6	4.5	23.4787744424603
2.7	4.5	22.9009317036752
2.8	4.5	21.7737011514839
2.9	4.5	20.2484818507255
3	4.5	18.526406667927
3.1	4.5	16.8357512127268
3.2	4.5	15.4059475186334
3.3	4.5	14.441347224982
3.4	4.5	14.0979190979885
3.5	4.5	14.4657051791992
3.6	4.5	15.5591443585404
3.7	4.5	17.3163929867331
3.8	4.5	19.6076542724807
3.9	4.5	22.2514142221901
4	4.5	25.0365134522415
4.1	4.5	27.747283812775
4.2	4.5	30.1886339035572
4.3	4.5	32.2080195579286
4.4	4.5	33.7116742096137
4.5	4.5	34.6732399366851
4.6	4.5	35.1339313201121
4.7	4.5	35.1944511394111
4.8	4.5	34.9999181579638
4.9	4.5	34.7199288165408
5	4.5	34.5264471686664
0	4.6	16.7316
0.1	4.6	16.6513973950789
0.2	4.6	16.7875152114015
0.3	4.6	17.0739144021954
0.4	4.6	17.4125817666849
0.5	4.6	17.6897220379775
0.6	4.6	17.7949324052821
0.7	4.6	17.6404720460728
0.8	4.6	17.1776853794984
0.9	4.6	16.4080086917336
1	4.6	15.3867361385367
1.1	4.6	14.2187404061909
1.2	4.6	13.0464939598925
1.3	4.6	12.0318577426415
1.4	4.6	11.3340370919497
1.5	4.6	11.0867159932912
1.6	4.6	11.3775805577612
1.7	4.6	12.2331970453045
1.8	4.6	13.6115464708372
1.9	4.6	15.4035224751479
2	4.6	17.4435040499975
2.1	4.6	19.5278810781563
2.2	4.6	21.4393066676967
2.3	4.6	22.973628127167
2.4	4.6	23.9660234563599
2.5	4.6	24.3129048553085
2.6	4.6	23.9866456900848
2.7	4.6	23.0410810779442
2.8	4.6	21.6069089791179
2.9	4.6	19.8774237170209
3	4.6	18.0862742971992
3.1	4.6	16.4799878954289
3.2	4.6	15.288694234968
3.3	4.6	14.6987356771905
3.4	4.6	14.8306164122458
3.5	4.6	15.7250618666245
3.6	4.6	17.3389161376487
3.7	4.6	19.5513387778142
3.8	4.6	22.1794400027076
3.9	4.6	25.0012898909378
4	4.6	27.7833105740364
4.1	4.6	30.3085314882302
4.2	4.6	32.402123638458
4.3	4.6	33.9510343132748
4.4	4.6	34.9153608721137
4.5	4.6	35.3302185704369
4.6	4.6	35.2981211911124
4.7	4.6	34.9731343183143
4.8	4.6	34.5391138227103
4.9	4.6	34.1850678625798
5	4.6	34.0809862982994
0	4.7	17.8009
0.1	4.7	17.7229977760682
0.2	4.7	17.8645178480261
0.3	4.7	18.1553342948005
0.4	4.7	18.4919025551487
0.5	4.7	18.7550870201226
0.6	4.7	18.8311104005501
0.7	4.7	18.6323399721517
0.8	4.7	18.1146030162481
0.9	4.7	17.2881980957009
1	4.7	16.220674327814
1.1	4.7	15.0306581846403
1.2	4.7	13.8733421885655
1.3	4.7	12.9195177577416
1.4	4.7	12.3310489090121
1.5	4.7	12.2362929716262
1.6	4.7	12.7090843387033
1.7	4.7	13.7544840750327
1.8	4.7	15.3036134027945
1.9	4.7	17.2186524428467
2	4.7	19.3076685447834
2.1	4.7	21.3475402266581
2.2	4.7	23.1120618748302
2.3	4.7	24.4015209906761
2.4	4.7	25.0697510060334
2.5	4.7	25.0449256765088
2.6	4.7	24.3411458460581
2.7	4.7	23.0590725755393
2.8	4.7	21.3753194874709
2.9	4.7	19.5218320513157
3	4.7	17.7578436407441
3.1	4.7	16.338018779252
3.2	4.7	15.48093075332
3.3	4.7	15.3419978697984
3.4	4.7	15.9944214179586
3.5	4.7	17.4206073681106
3.6	4.7	19.5151578160496
3.7	4.7	22.0989781933043
3.8	4.7	24.9425729812667
3.9	4.7	27.7953971231963
4	4.7	30.4173560006507
4.1	4.7	32.6083070444667
4.2	4.7	34.2317397808056
4.3	4.7	35.2296493215608
4.4	4.7	35.6268511041973
4.5	4.7	35.5244384221638
4.6	4.7	35.0835561046754
4.7	4.7	34.5019500565142
4.8	4.7	33.9866774943709
4.9	4.7	33.726803062022
5	4.7	33.8698071609591
0	4.8	18.9104
0.1	4.8	18.8347926182781
0.2	4.8	18.9816367230967
0.3	4.8	19.2765692908879
0.4	4.8	19.6103683158843
0.5	4.8	19.8585365672569
0.6	4.8	19.9041324304258
0.7	4.8	19.6601227330915
0.8	4.8	19.0875515933199
0.9	4.8	18.2064176622916
1	4.8	17.0972430301822
1.1	4.8	15.8927385350416
1.2	4.8	14.7605088843787
1.3	4.8	13.8791638390511
1.4	4.8	13.4112908672564
1.5	4.8	13.4773302242243
1.6	4.8	14.1343791350962
1.7	4.8	15.363330127109
1.8	4.8	17.0666026233124
1.9	4.8	19.0772187656135
2	4.8	21.1783218916355
2.1	4.8	23.130680961647
2.2	4.8	24.7044968617144
2.3	4.8	25.7111117515327
2.4	4.8	26.0301322988717
2.5	4.8	25.628033536457
2.6	4.8	24.5654400543721
2.7	4.8	22.9918290685517
2.8	4.8	21.1281474284591
2.9	4.8	19.2395330889364
3	4.8	17.6017375394606
3.1	4.8	16.465756342259
3.2	4.8	16.0254575933466
3.3	4.8	16.3926096506065
3.4	4.8	17.5827027553855
3.5	4.8	19.5134756807847
3.6	4.8	22.0163080538223
3.7	4.8	24.858869435363
3.8	4.8	27.7758779531788
3.9	4.8	30.5037310341722
4	4.8	32.8142806305466
4.1	4.8	34.543200939235
4.2	4.8	35.609208094447
4.3	4.8	36.0217179776509
4.4	4.8	35.8761764975303
4.5	4.8	35.3380282226287
4.6	4.8	34.6178560025928
4.7	4.8	33.9414041784812
4.8	4.8	33.5188272101206
4.9	4.8	33.517501492554
5	4.8	34.0421109806354
0	4.9	20.0601
0.1	4.9	19.9867818082819
0.2	4.9	20.1388703276583
0.3	4.9	20.4376141361374
0.4	4.9	20.7679717693312
0.5	4.9	21.0000774779912
0.6	4.9	21.014061562697
0.7	4.9	20.7240141402202
0.8	4.9	20.0969552110473
0.9	4.9	19.1634199048226
1	4.9	18.0175733470203
1.1	4.9	16.8064333427523
1.2	4.9	15.7095415995645
1.3	4.9	14.9120081002848
1.4	4.9	14.5750061185396
1.5	4.9	14.8083293178205
1.6	4.9	15.6494435980221
1.7	4.9	17.0525905487687
1.8	4.9	18.8900503156715
1.9	4.9	20.9658632032722
2	4.9	23.0404132920364
2.1	4.9	24.8625825261696
2.2	4.9	26.204951842295
2.3	4.9	26.8969513985334
2.4	4.9	26.851041795181
2.5	4.9	26.0779262583693
2.6	4.9	24.6883224220468
2.7	4.9	22.8807407709267
2.8	4.9	20.9167436456095
2.9	4.9	19.0869940246888
3	4.9	17.6727735230082
3.1	4.9	16.908348164497
3.2	4.9	16.9494811986646
3.3	4.9	17.8525423617952
3.4	4.9	19.5671646697
3.5	4.9	21.9434715168633
3.6	4.9	24.7528208564461
3.7	4.9	27.7190936709175
3.8	4.9	30.5560714399927
3.9	4.9	33.0056172387474
4	4.9	34.8713156359378
4.1	4.9	36.0429414013819
4.2	4.9	36.5085052669547
4.3	4.9	36.3524581908181
4.4	4.9	35.7406494318879
4.5	4.9	34.8945294273623
4.6	4.9	34.0585875101431
4.7	4.9	33.4659003465546
4.8	4.9	33.3068169667996
4.9	4.9	33.7052093001422
5	4.9	34.7054743524986
0	5	21.25
0.1	5	21.1789652329295
0.2	5	21.3362171694688
0.3	5	21.638463748279
0.4	5	21.9647064687229
0.5	5	22.179719133752
0.6	5	22.1609666729686
0.7	5	21.8242178262408
0.8	5	21.1432497108873
0.9	5	20.1599629601098
1	5	18.9827789349211
1.1	5	17.7731268502434
1.2	5	16.7218351007924
1.3	5	16.0189895857482
1.4	5	15.8220225505217
1.5	5	16.227243698716
1.6	5	17.2496352263844
1.7	5	18.814551883271
1.8	5	20.7631714649363
1.9	5	22.8714062978992
2	5	24.8798461216064
2.1	5	26.5304965167504
2.2	5	27.6048956210706
2.3	5	27.9578315253533
2.4	5	27.5414130961423
2.5	5	26.4155989641902
2.6	5	24.7432648729646
2.7	5	22.7701911345184
2.8	5	20.792628687226
2.9	5	19.1170040362212
3	5	18.0175552278399
3.1	5	17.6980593029399
3.2	5	18.2632545247795
3.3	5	19.7041581140696
3.4	5	21.8994422443188
3.5	5	24.6326654882866
3.6	5	27.6228220741545
3.7	5	30.5637207843715
3.8	5	33.1664334727564
3.9	5	35.1986498734319
4	5	36.5152970366956
4.1	5	37.0761430245004
4.2	5	36.9480921051933
4.3	5	36.292184815121
4.4	5	35.3375867095242
4.5	5	34.3467388427303
4.6	5	33.577067469475
4.7	5	33.2450320987127
4.8	5	33.4977840398128
4.9	5	34.3964043121788
5	5	35.9128050886473
