200	3288.37163414085	3288.37163414085
201	3278.5469656882	3288.37163414085
202	3278.5469656882	2306.59401830203
203	3278.5469656882	2306.59401830203
204	3278.5469656882	2299.4195184298
205	3267.91842944035	2257.58100848919
206	3267.91842944035	2215.80446504657
207	3266.54762211609	2215.80446504657
208	3265.77566479564	2196.73224438681
209	3265.77566479564	2155.81842463671
210	3265.77566479564	2155.81842463671
211	3263.73615818861	2148.48975988011
212	3259.69599014652	2148.48975988011
213	3259.69599014652	2130.85857244843
214	3259.69599014652	2130.85857244843
215	3259.69599014652	2126.22201440846
216	3257.65473614567	2126.22201440846
217	3247.83850632906	2126.22201440846
218	3247.83850632906	2125.59425906509
219	3247.75275038152	2125.59425906509
220	3247.75275038152	2125.59425906509
221	3247.75275038152	2125.59425906509
222	3247.75275038152	2125.59425906509
223	3247.75275038152	2125.59425906509
224	3239.43871302057	2124.99356086233
225	3239.43871302057	2124.99356086233
226	3238.67869754403	2099.25008660802
227	3238.67869754403	2098.23192531117
228	3238.67869754403	2098.23192531117
229	3238.67869754403	2098.23192531117
230	3238.67869754403	2087.11231115278
231	3238.67869754403	2087.11231115278
232	3238.67869754403	2087.11231115278
233	3238.67869754403	2087.11231115278
234	3238.67869754403	2085.5951645522
235	3238.67869754403	2085.5951645522
236	3234.34293475079	2085.5951645522
237	3234.34293475079	2075.9583379586
238	3225.86467779404	2075.9583379586
239	3218.14983154656	2075.9583379586
240	3214.24567724393	2075.9583379586
241	3202.17424344643	2074.97087703641
242	3202.17424344643	2074.97087703641
243	3190.90952484461	2074.97087703641
244	3182.21104908831	2074.97087703641
245	3182.21104908831	2074.69162456211
246	3181.88629997157	2074.69162456211
247	3180.36442709887	2074.69162456211
248	3180.21326258769	2074.69162456211
249	3180.21326258769	2074.69162456211
250	3180.21326258769	2074.69162456211
251	3180.21326258769	2074.69162456211
252	3167.42999236708	2074.69162456211
253	3167.42999236708	2072.34961232481
254	3167.42999236708	2072.34961232481
255	3156.05497624006	2072.34961232481
256	3156.05497624006	2072.34961232481
257	3156.05497624006	2056.76893849118
258	3156.05497624006	2056.76893849118
259	3143.84642478205	2056.76893849118
260	3126.51484588334	2056.76893849118
261	3126.00182569513	2056.76893849118
262	3126.00182569513	2056.76893849118
263	3109.48059706078	2037.62976111559
264	3109.06537502509	2037.62976111559
265	3101.12879319196	2037.62976111559
266	3096.37919352372	2037.62976111559
267	3087.78094131602	2037.62976111559
268	3087.78094131602	2037.62976111559
269	3086.08437684936	2008.76758916816
270	3076.09036547452	2008.76758916816
271	3071.70476500607	2008.76758916816
272	3071.70476500607	2008.76758916816
273	3071.70476500607	2008.76758916816
274	3071.70476500607	2008.76758916816
275	3071.70476500607	2008.64624335596
276	3054.65021095423	2008.64624335596
277	3038.02369164331	2008.64624335596
278	3038.02369164331	2008.64624335596
279	3038.02369164331	2008.64624335596
280	3038.02369164331	2008.64624335596
281	3033.83524609241	2008.64624335596
282	3029.06232666019	2008.64624335596
283	3029.06232666019	2008.64624335596
284	3029.06232666019	2008.64624335596
285	3029.06232666019	2008.64624335596
286	3025.21975597276	2008.64624335596
287	3024.5473394914	2008.64624335596
288	3024.5473394914	2008.64624335596
289	3024.5473394914	2008.64624335596
290	3024.5473394914	2008.64624335596
291	3003.20596353367	2008.64624335596
292	3003.20596353367	2008.64624335596
293	3003.20596353367	2008.64624335596
294	2994.54184790792	2008.64624335596
295	2990.33933082109	2008.64624335596
296	2990.33933082109	2008.64624335596
297	2954.11060981279	2008.64624335596
298	2954.11060981279	2008.64624335596
299	2924.74161826652	2008.64624335596
300	2924.74161826652	2008.64624335596
301	2924.74161826652	2008.64624335596
302	2915.24328418364	2008.64624335596
303	2915.24328418364	2008.64624335596
304	2915.24328418364	2008.64624335596
305	2915.24328418364	2008.64624335596
306	2915.24328418364	2008.64624335596
307	2901.64556897071	2008.64624335596
308	2898.0799301162	2008.64624335596
309	2898.0799301162	2008.64624335596
310	2877.4014852349	2008.64624335596
311	2874.02467804342	2008.64624335596
312	2854.75741712622	2008.64624335596
313	2854.75741712622	2008.64624335596
314	2853.06298492363	2008.64624335596
315	2845.99003213508	2008.64624335596
316	2832.29347283044	2008.64624335596
317	2832.00588814327	2008.64624335596
318	2832.00588814327	2008.64624335596
319	2808.73292136697	2008.64624335596
320	2803.86459742437	2008.64624335596
321	2803.86459742437	2008.64624335596
322	2803.86459742437	2008.64624335596
323	2803.86459742437	2008.64624335596
324	2803.86459742437	2008.64624335596
325	2799.2798185541	2008.64624335596
326	2778.95022285966	2008.64624335596
327	2777.83806515286	2008.64624335596
328	2759.66158888465	2008.64624335596
329	2754.44105100686	2008.64624335596
330	2754.44105100686	2008.64624335596
331	2754.44105100686	2008.64624335596
332	2747.30331957554	2008.64624335596
333	2735.39648147659	2008.64624335596
334	2735.39648147659	2008.64624335596
335	2735.39648147659	2008.64624335596
336	2735.39648147659	2008.64624335596
337	2732.69944391209	2008.64624335596
338	2728.53181812029	2008.64624335596
339	2724.82802477583	2008.64624335596
340	2724.82802477583	2008.64624335596
341	2724.82802477583	2008.64624335596
342	2697.23209898302	2008.64624335596
343	2694.83766281442	2008.64624335596
344	2694.83766281442	2008.64624335596
345	2693.52240691392	2008.64624335596
346	2687.41834340288	2008.64624335596
347	2687.41834340288	2008.64624335596
348	2671.38712071063	2008.64624335596
349	2669.72966670805	2008.64624335596
350	2656.64245779657	2008.64624335596
351	2656.64245779657	2008.64624335596
352	2648.5169603491	2008.64624335596
353	2648.5169603491	2008.64624335596
354	2641.25815167864	2008.64624335596
355	2641.25815167864	2008.64624335596
356	2624.35509301663	2008.64624335596
357	2609.67614334797	2008.64624335596
358	2594.72040131581	2008.64624335596
359	2588.09571734312	2008.64624335596
360	2588.09571734312	2008.64624335596
361	2588.09571734312	2008.64624335596
362	2583.05438223249	2008.64624335596
363	2561.56276311748	2008.64624335596
364	2561.56276311748	2008.64624335596
365	2561.56276311748	2008.64624335596
366	2558.23365159197	2008.64624335596
367	2549.76304442689	2008.64624335596
368	2544.80461507166	2008.64624335596
369	2529.37446931175	2008.64624335596
370	2529.37446931175	2008.64624335596
371	2523.4512699865	2008.64624335596
372	2495.44133739639	2008.64624335596
373	2495.44133739639	2008.64624335596
374	2484.3074290704	2008.64624335596
375	2483.77453916327	2008.64624335596
376	2472.36248647114	2008.64624335596
377	2472.36248647114	2008.64624335596
378	2472.36248647114	2008.64624335596
379	2472.36248647114	1960.91170238875
380	2472.36248647114	1960.27203167359
381	2468.30014314959	1960.27203167359
382	2458.76323395809	1960.27203167359
383	2445.04842832706	1960.27203167359
384	2442.38708998768	1960.27203167359
385	2424.33109912876	1960.27203167359
386	2423.33011206012	1960.27203167359
387	2418.64628785585	1960.27203167359
388	2418.64628785585	1960.27203167359
389	2418.64628785585	1960.27203167359
390	2418.64628785585	1960.27203167359
391	2401.98714228716	1960.27203167359
392	2389.15806407767	1960.27203167359
393	2389.15806407767	1960.27203167359
394	2388.48118493819	1960.27203167359
395	2377.18059791921	1960.27203167359
396	2377.18059791921	1960.27203167359
397	2364.0314359085	1960.27203167359
398	2364.0314359085	1960.27203167359
399	2364.0314359085	1960.27203167359
400	2354.76609106346	1960.27203167359
401	2351.71848515074	1960.27203167359
402	2342.00522734492	1960.27203167359
403	2342.00522734492	1960.26399986763
404	2340.13686891975	1960.26399986763
405	2337.29390830041	1960.26399986763
406	2337.29390830041	1960.26399986763
407	2337.29390830041	1960.26399986763
408	2331.81237959927	1960.26399986763
409	2331.81237959927	1960.26399986763
410	2321.82438575085	1960.26399986763
411	2319.30871803864	1960.26399986763
412	2317.96169576275	1960.26399986763
413	2309.9572813268	1960.26399986763
414	2307.99917035032	1960.26399986763
415	2303.37784776283	1960.26399986763
416	2301.13736817253	1960.26399986763
417	2292.80136198755	1960.26399986763
418	2292.80136198755	1960.26399986763
419	2288.87217213514	1960.26399986763
420	2288.87217213514	1960.26399986763
421	2285.78480182123	1960.26399986763
422	2275.52401666561	1960.26399986763
423	2269.42767039783	1960.26399986763
424	2261.41066239119	1960.26399986763
425	2256.18966145156	1960.26399986763
426	2255.89955453415	1960.26399986763
427	2237.89352788813	1960.26399986763
428	2236.78881188063	1960.26399986763
429	2236.78881188063	1960.26399986763
430	2234.76385711215	1960.26399986763
431	2231.31136396505	1960.26399986763
432	2227.50619734412	1960.26399986763
433	2225.71481325722	1960.26399986763
434	2225.41431828117	1960.26399986763
435	2219.66205587538	1950.78498086834
436	2213.03867288648	1908.16404208848
437	2213.03867288648	1908.16404208848
438	2200.44493653594	1908.16404208848
439	2198.22669100053	1908.16404208848
440	2177.72103590613	1908.16404208848
441	2166.16963948918	1908.16404208848
442	2146.05096792314	1908.16404208848
443	2142.94690955362	1908.16404208848
444	2139.46914822982	1908.16404208848
445	2137.15662075696	1908.16404208848
446	2136.60505254291	1908.16404208848
447	2136.21756415983	1908.16404208848
448	2136.21756415983	1908.16404208848
449	2136.21756415983	1908.16404208848
450	2136.21756415983	1908.16404208848
451	2136.21756415983	1908.16404208848
452	2123.27280472401	1908.16404208848
453	2121.70737858844	1908.16404208848
454	2119.15539130747	1908.16404208848
455	2119.15539130747	1908.16404208848
456	2117.65255271726	1908.16404208848
457	2117.65255271726	1908.16404208848
458	2110.88293617471	1908.16404208848
459	2103.84896635258	1908.16404208848
460	2098.88780282447	1908.16404208848
461	2098.88780282447	1908.16404208848
462	2084.20140301741	1908.16404208848
463	2079.67498051115	1908.16404208848
464	2075.95895453136	1908.16404208848
465	2075.95895453136	1908.16404208848
466	2075.95895453136	1908.16404208848
467	2070.32820271169	1908.16404208848
468	2066.071290012	1908.16404208848
469	2055.0268119066	1908.16404208848
470	2055.0268119066	1908.16404208848
471	2055.0268119066	1908.16404208848
472	2048.1696912334	1908.16404208848
473	2046.92505776731	1908.16404208848
474	2038.1363050776	1908.16404208848
475	2035.1470383203	1908.16404208848
476	2030.13226030889	1908.16404208848
477	2026.24226821603	1908.16404208848
478	2023.77567825055	1875.52273914224
479	2022.74174129518	1875.52273914224
480	2022.74174129518	1875.52273914224
481	2012.94622167357	1875.52273914224
482	2007.11586129486	1875.52273914224
483	2007.11586129486	1875.52273914224
484	2004.99743803494	1875.52273914224
485	1999.34042231887	1875.52273914224
486	1986.2820961523	1875.52273914224
487	1986.2820961523	1875.52273914224
488	1978.05438616981	1875.52273914224
489	1978.05438616981	1875.52273914224
490	1975.2968580003	1875.52273914224
491	1975.2968580003	1875.52273914224
492	1966.76027871166	1875.52273914224
493	1963.45401923907	1875.52273914224
494	1957.46831165002	1875.52273914224
495	1957.46831165002	1875.52273914224
496	1949.8404123838	1875.52273914224
497	1949.1989619052	1875.52273914224
498	1949.1989619052	1875.52273914224
499	1944.03245048818	1875.52273914224
500	1944.03245048818	1875.52273914224
501	1931.96812148049	1875.52273914224
502	1929.74045666202	1875.52273914224
503	1922.92571972744	1875.52273914224
504	1918.33661418294	1875.52273914224
505	1909.8047533072	1875.52273914224
506	1909.8047533072	1875.52273914224
507	1909.8047533072	1875.52273914224
508	1903.21482956978	1875.52273914224
509	1898.34165112905	1875.52273914224
510	1892.60813351532	1875.52273914224
511	1890.58891154749	1875.52273914224
512	1890.58891154749	1875.52273914224
513	1890.58891154749	1875.52273914224
514	1884.09861440909	1875.52273914224
515	1879.73313968926	1875.52273914224
516	1879.73313968926	1875.52273914224
517	1864.43809196668	1875.52273914224
518	1863.4647746906	1875.52273914224
519	1863.4647746906	1875.52273914224
520	1860.79578360888	1875.52273914224
521	1858.66480477299	1875.52273914224
522	1854.33868463325	1875.52273914224
523	1845.03033146883	1875.52273914224
524	1845.03033146883	1875.52273914224
525	1840.45926981511	1875.52273914224
526	1836.75005429948	1875.52273914224
527	1836.75005429948	1875.52273914224
528	1836.75005429948	1875.52273914224
529	1836.75005429948	1875.52273914224
530	1836.75005429948	1875.52273914224
531	1831.7292495571	1875.52273914224
532	1828.48863262467	1875.52273914224
533	1828.48863262467	1872.10541247182
534	1820.41264304982	1872.10541247182
535	1812.29557625786	1872.10541247182
536	1807.99586462034	1872.10541247182
537	1807.38881605622	1872.10541247182
538	1798.63359964927	1872.10541247182
539	1798.63359964927	1872.10541247182
540	1794.946870937	1872.10541247182
541	1794.946870937	1872.10541247182
542	1788.93380607108	1872.10541247182
543	1774.32921892242	1872.10541247182
544	1774.32921892242	1872.10541247182
545	1774.32921892242	1872.10541247182
546	1770.64673704213	1872.10541247182
547	1770.64673704213	1872.10541247182
548	1757.14210989521	1872.10541247182
549	1757.14210989521	1872.10541247182
550	1757.14210989521	1872.10541247182
551	1757.14210989521	1872.10541247182
552	1757.14210989521	1872.10541247182
553	1753.42471138648	1872.10541247182
554	1744.11758123348	1872.10541247182
555	1744.11758123348	1872.10541247182
556	1731.72869419889	1872.10541247182
557	1728.97360452741	1872.10541247182
558	1724.55249572165	1872.10541247182
559	1713.17172283377	1872.10541247182
560	1704.66019801167	1872.10541247182
561	1701.19523632182	1872.10541247182
562	1701.14802749697	1872.10541247182
563	1691.79464957016	1872.10541247182
564	1691.79464957016	1872.10541247182
565	1691.79464957016	1872.10541247182
566	1682.70102237174	1872.10541247182
567	1682.70102237174	1872.10541247182
568	1664.34720389255	1872.10541247182
569	1660.62460930213	1872.10541247182
570	1660.62460930213	1872.10541247182
571	1660.62460930213	1872.10541247182
572	1660.62460930213	1872.10541247182
573	1660.62460930213	1872.10541247182
574	1660.62460930213	1872.10541247182
575	1654.54636136991	1872.10541247182
576	1654.54636136991	1872.10541247182
577	1654.54636136991	1872.10541247182
578	1654.54636136991	1872.10541247182
579	1654.54636136991	1872.10541247182
580	1640.66096827429	1872.10541247182
581	1640.66096827429	1872.10541247182
582	1633.06142112281	1872.10541247182
583	1633.06142112281	1872.10541247182
584	1627.8100781121	1872.10541247182
585	1627.8100781121	1872.10541247182
586	1627.8100781121	1872.10541247182
587	1627.8100781121	1872.10541247182
588	1627.8100781121	1872.10541247182
589	1627.08833575046	1872.10541247182
590	1627.08833575046	1872.10541247182
591	1627.08833575046	1872.10541247182
592	1627.08833575046	1872.10541247182
593	1616.06813383059	1872.10541247182
594	1616.06813383059	1872.10541247182
595	1603.22130644955	1872.10541247182
596	1596.86234677473	1872.10541247182
597	1596.86234677473	1872.10541247182
598	1592.0153120988	1872.10541247182
599	1583.11770883137	1872.10541247182
600	1583.11770883137	1872.10541247182
601	1583.11770883137	1872.10541247182
602	1583.11770883137	1872.10541247182
603	1583.11770883137	1872.10541247182
604	1581.0708709185	1872.10541247182
605	1581.0708709185	1872.10541247182
606	1581.0708709185	1872.10541247182
607	1581.0708709185	1872.10541247182
608	1581.0708709185	1872.10541247182
609	1577.97832507406	1872.10541247182
610	1577.97832507406	1872.10541247182
611	1577.97832507406	1872.10541247182
612	1577.97832507406	1872.10541247182
613	1577.97832507406	1872.10541247182
614	1577.97832507406	1872.10541247182
615	1577.97832507406	1872.10541247182
616	1577.97832507406	1872.10541247182
617	1577.97832507406	1872.10541247182
618	1577.97832507406	1872.10541247182
619	1577.97832507406	1872.10541247182
620	1577.97832507406	1872.10541247182
621	1577.97832507406	1872.10541247182
622	1577.97832507406	1872.10541247182
623	1577.97832507406	1872.10541247182
624	1577.97832507406	1872.10541247182
625	1577.97832507406	1872.10541247182
626	1577.97832507406	1872.10541247182
627	1577.97832507406	1872.10541247182
628	1577.97832507406	1872.10541247182
629	1577.97832507406	1872.10541247182
630	1577.97832507406	1872.10541247182
631	1577.97832507406	1872.10541247182
632	1575.18310149967	1872.10541247182
633	1575.18310149967	1872.10541247182
634	1575.18310149967	1872.10541247182
635	1575.18310149967	1872.10541247182
636	1565.1625309353	1872.10541247182
637	1557.61572833571	1872.10541247182
638	1554.61769164948	1872.10541247182
639	1554.61769164948	1872.10541247182
640	1554.61769164948	1872.10541247182
641	1554.61769164948	1872.10541247182
642	1554.19307375574	1872.10541247182
643	1554.19307375574	1872.10541247182
644	1554.19307375574	1872.10541247182
645	1554.19307375574	1872.10541247182
646	1554.19307375574	1872.10541247182
647	1554.19307375574	1872.10541247182
648	1554.08664520456	1872.10541247182
649	1554.08664520456	1872.10541247182
650	1554.08664520456	1872.10541247182
651	1545.00854122581	1872.10541247182
652	1545.00854122581	1868.04468930207
653	1545.00854122581	1868.04468930207
654	1545.00854122581	1868.04468930207
655	1545.00854122581	1868.04468930207
656	1545.00854122581	1868.04468930207
657	1545.00854122581	1868.04468930207
658	1545.00854122581	1868.04468930207
659	1545.00854122581	1868.04468930207
660	1545.00854122581	1868.04468930207
661	1545.00854122581	1868.04468930207
662	1543.13991341611	1868.04468930207
663	1541.69788911897	1868.04468930207
664	1541.69788911897	1868.04468930207
665	1541.69788911897	1868.04468930207
666	1531.94819327951	1868.04468930207
667	1531.94819327951	1866.63400634358
668	1531.94819327951	1866.63400634358
669	1530.44454544525	1866.63400634358
670	1530.44454544525	1866.63400634358
671	1530.44454544525	1866.63400634358
672	1517.54540236607	1866.63400634358
673	1513.48521573814	1866.63400634358
674	1513.48521573814	1866.63400634358
675	1513.48521573814	1866.63400634358
676	1505.69101389326	1866.63400634358
677	1505.69101389326	1866.63400634358
678	1505.69101389326	1866.63400634358
679	1505.69101389326	1866.63400634358
680	1500.33889059794	1866.63400634358
681	1500.33889059794	1866.63400634358
682	1500.33889059794	1866.63400634358
683	1500.05165357332	1866.63400634358
684	1494.6032042867	1866.63400634358
685	1490.50243307553	1866.63400634358
686	1490.50243307553	1866.63400634358
687	1485.1682075241	1866.63400634358
688	1485.1682075241	1866.63400634358
689	1485.1682075241	1866.63400634358
690	1480.73294434176	1866.63400634358
691	1476.19244983442	1866.63400634358
692	1472.50615426662	1866.63400634358
693	1468.99167160099	1866.63400634358
694	1468.99167160099	1866.63400634358
695	1468.99167160099	1866.63400634358
696	1460.72787647045	1866.63400634358
697	1455.66593615229	1866.63400634358
698	1450.35394651961	1866.63400634358
699	1447.68566376741	1866.63400634358
700	1447.68566376741	1866.63400634358
701	1440.69212500186	1866.63400634358
702	1440.03914757098	1866.63400634358
703	1440.03914757098	1866.63400634358
704	1435.10829141165	1866.63400634358
705	1427.35741924178	1866.63400634358
706	1427.35741924178	1866.63400634358
707	1427.35741924178	1866.63400634358
708	1424.12743648858	1866.63400634358
709	1417.40814466945	1866.63400634358
710	1417.40814466945	1866.63400634358
711	1416.79877254596	1866.63400634358
712	1416.79877254596	1866.63400634358
713	1415.30121336355	1866.63400634358
714	1415.30121336355	1866.63400634358
715	1415.30121336355	1866.63400634358
716	1415.30121336355	1866.63400634358
717	1415.30121336355	1866.63400634358
718	1415.30121336355	1866.63400634358
719	1413.73340705102	1866.63400634358
720	1413.73340705102	1866.63400634358
721	1413.73340705102	1866.63400634358
722	1413.73340705102	1866.63400634358
723	1413.73340705102	1866.63400634358
724	1413.73340705102	1866.63400634358
725	1407.12315987511	1866.63400634358
726	1402.95520325692	1866.63400634358
727	1402.95520325692	1866.63400634358
728	1400.00223258525	1866.63400634358
729	1394.90781162596	1866.63400634358
730	1394.90781162596	1866.63400634358
731	1394.90781162596	1866.63400634358
732	1394.90781162596	1866.63400634358
733	1387.77889350553	1866.63400634358
734	1387.13999900801	1866.63400634358
735	1387.13999900801	1866.63400634358
736	1387.13999900801	1866.63400634358
737	1387.13999900801	1866.63400634358
738	1387.13999900801	1866.63400634358
739	1387.13999900801	1866.63400634358
740	1386.28564788091	1866.63400634358
741	1380.34348099104	1866.63400634358
742	1377.1634476054	1866.63400634358
743	1374.44611427856	1866.63400634358
744	1372.76070243279	1866.63400634358
745	1372.76070243279	1866.63400634358
746	1372.41104545329	1866.63400634358
747	1368.1272715716	1866.63400634358
748	1368.1272715716	1866.63400634358
749	1368.1272715716	1866.63400634358
750	1368.1272715716	1866.63400634358
751	1364.8485758271	1866.63400634358
752	1360.49321188483	1866.63400634358
753	1360.49321188483	1866.63400634358
754	1352.67157189563	1866.63400634358
755	1352.67157189563	1866.63400634358
756	1351.38779872579	1866.63400634358
757	1349.68304717716	1866.63400634358
758	1345.46971538096	1866.63400634358
759	1345.46971538096	1866.63400634358
760	1340.26572688884	1866.63400634358
761	1340.26572688884	1866.63400634358
762	1340.12254440955	1866.63400634358
763	1340.05466350967	1866.63400634358
764	1340.05466350967	1866.63400634358
765	1337.90438958298	1866.63400634358
766	1333.01365305353	1866.63400634358
767	1333.01365305353	1866.63400634358
768	1333.01365305353	1866.63400634358
769	1333.01365305353	1866.63400634358
770	1333.01365305353	1866.63400634358
771	1332.938772271	1866.63400634358
772	1329.32880992678	1866.63400634358
773	1324.30854556114	1866.63400634358
774	1324.30854556114	1866.63400634358
775	1324.30854556114	1866.63400634358
776	1324.30854556114	1866.63400634358
777	1321.40042296219	1866.63400634358
778	1316.01606866914	1866.63400634358
779	1316.01606866914	1866.63400634358
780	1316.01606866914	1866.63400634358
781	1316.01606866914	1866.63400634358
782	1312.46672006151	1866.63400634358
783	1311.19687383949	1866.63400634358
784	1305.68086396328	1866.63400634358
785	1302.4442800752	1866.63400634358
786	1302.4442800752	1866.63400634358
787	1299.5693135147	1866.63400634358
788	1296.88958503255	1866.63400634358
789	1289.83382181768	1866.63400634358
790	1287.0120196337	1866.63400634358
791	1287.0120196337	1866.63400634358
792	1287.0120196337	1866.63400634358
793	1287.0120196337	1866.63400634358
794	1285.55076043463	1866.63400634358
795	1285.55076043463	1866.63400634358
796	1274.90626376766	1866.63400634358
797	1264.62691013754	1866.63400634358
798	1264.62691013754	1866.63400634358
799	1251.68763453218	1866.63400634358
800	1242.32579280175	1866.63400634358
801	1240.28061380397	1866.63400634358
802	1240.28061380397	1866.63400634358
803	1240.28061380397	1866.63400634358
804	1240.28061380397	1866.63400634358
805	1240.28061380397	1866.63400634358
806	1240.28061380397	1866.63400634358
807	1240.28061380397	1866.63400634358
808	1238.1739045768	1866.63400634358
809	1237.97193339215	1866.63400634358
810	1237.97193339215	1866.63400634358
811	1237.26640507354	1866.63400634358
812	1237.26640507354	1866.63400634358
813	1237.26640507354	1866.63400634358
814	1237.26640507354	1866.63400634358
815	1231.24515537782	1866.63400634358
816	1231.24515537782	1866.63400634358
817	1231.24515537782	1866.63400634358
818	1231.24515537782	1866.63400634358
819	1229.39011344854	1866.63400634358
820	1229.39011344854	1866.63400634358
821	1229.39011344854	1866.63400634358
822	1223.22413383969	1866.63400634358
823	1223.22413383969	1866.63400634358
824	1223.22413383969	1866.63400634358
825	1215.63472371634	1866.63400634358
826	1213.65105682826	1866.63400634358
827	1206.83522607235	1866.63400634358
828	1206.83522607235	1866.63400634358
829	1206.83522607235	1866.63400634358
830	1206.83522607235	1866.63400634358
831	1206.83522607235	1866.63400634358
832	1193.66323899052	1866.63400634358
833	1193.66323899052	1866.63400634358
834	1184.65834208537	1866.63400634358
835	1184.65834208537	1866.63400634358
836	1184.65834208537	1866.63400634358
837	1184.65834208537	1866.63400634358
838	1184.64530011465	1866.63400634358
839	1184.33085509098	1866.63400634358
840	1184.33085509098	1866.63400634358
841	1175.06980742413	1866.63400634358
842	1175.06980742413	1866.63400634358
843	1175.06980742413	1866.63400634358
844	1175.06980742413	1866.63400634358
845	1160.99789353918	1866.63400634358
846	1160.99789353918	1866.63400634358
847	1160.99789353918	1866.63400634358
848	1157.90724917691	1866.63400634358
849	1157.56599079439	1866.63400634358
850	1157.56599079439	1866.63400634358
851	1157.55615291511	1866.63400634358
852	1153.10066890626	1866.63400634358
853	1151.11480457327	1866.63400634358
854	1138.71019275951	1866.63400634358
855	1138.71019275951	1866.63400634358
856	1138.71019275951	1866.63400634358
857	1138.71019275951	1866.63400634358
858	1133.98843043222	1866.63400634358
859	1133.98843043222	1866.63400634358
860	1133.86051184224	1866.63400634358
861	1133.86051184224	1866.63400634358
862	1133.86051184224	1866.63400634358
863	1133.86051184224	1866.63400634358
864	1122.12017317102	1866.63400634358
865	1122.12017317102	1866.63400634358
866	1119.05716757368	1866.63400634358
867	1113.59591482842	1866.63400634358
868	1113.59591482842	1866.63400634358
869	1112.0212396322	1866.63400634358
870	1107.41070838267	1866.63400634358
871	1104.63707519624	1866.63400634358
872	1103.50199697552	1866.63400634358
873	1103.50199697552	1866.63400634358
874	1098.17887918858	1866.63400634358
875	1098.17887918858	1866.63400634358
876	1098.17887918858	1866.63400634358
877	1098.17887918858	1866.63400634358
878	1085.23095856816	1866.63400634358
879	1085.23095856816	1866.63400634358
880	1085.23095856816	1866.63400634358
881	1085.23095856816	1866.63400634358
882	1085.23095856816	1866.63400634358
883	1085.23095856816	1866.63400634358
884	1076.46405820118	1866.63400634358
885	1076.46405820118	1866.63400634358
886	1076.46405820118	1866.63400634358
887	1076.46405820118	1866.63400634358
888	1076.46405820118	1866.63400634358
889	1076.46405820118	1866.63400634358
890	1076.46405820118	1866.63400634358
891	1069.22834044797	1866.63400634358
892	1066.96718426268	1866.63400634358
893	1066.96718426268	1866.63400634358
894	1066.96718426268	1866.63400634358
895	1066.96718426268	1866.63400634358
896	1065.05799866635	1866.63400634358
897	1065.05799866635	1866.63400634358
898	1056.46795366003	1866.63400634358
899	1056.46795366003	1866.63400634358
900	1056.46795366003	1866.63400634358
901	1055.56298451137	1866.63400634358
902	1052.74027331727	1866.63400634358
903	1052.74027331727	1866.63400634358
904	1050.88676642259	1866.63400634358
905	1050.21851110257	1866.63400634358
906	1048.75349082297	1866.63400634358
907	1040.79715869797	1866.63400634358
908	1040.79715869797	1866.63400634358
909	1040.30886918922	1866.63400634358
910	1040.30886918922	1866.63400634358
911	1040.30886918922	1866.63400634358
912	1040.30886918922	1866.63400634358
913	1040.30886918922	1866.63400634358
914	1040.30886918922	1866.63400634358
915	1040.30886918922	1866.63400634358
916	1040.30886918922	1866.63400634358
917	1040.30886918922	1866.63400634358
918	1040.30886918922	1866.63400634358
919	1040.30886918922	1866.63400634358
920	1028.2333588562	1866.63400634358
921	1028.2333588562	1866.63400634358
922	1028.2333588562	1866.63400634358
923	1028.2333588562	1866.63400634358
924	1025.86510749956	1866.63400634358
925	1025.86510749956	1866.63400634358
926	1018.46015560512	1866.63400634358
927	1018.46015560512	1866.63400634358
928	1018.46015560512	1866.63400634358
929	1012.07809934108	1866.63400634358
930	1012.07809934108	1866.63400634358
931	1012.07809934108	1866.63400634358
932	1011.78850584268	1866.63400634358
933	1011.78850584268	1866.63400634358
934	1002.77527434632	1866.63400634358
935	997.261205943923	1866.63400634358
936	997.261205943923	1866.63400634358
937	997.261205943923	1866.63400634358
938	990.794564452949	1866.63400634358
939	983.73894150716	1866.63400634358
940	983.73894150716	1866.63400634358
941	981.721077578498	1866.63400634358
942	981.721077578498	1866.63400634358
943	981.721077578498	1866.63400634358
944	981.721077578498	1866.63400634358
945	981.721077578498	1866.63400634358
946	981.721077578498	1866.63400634358
947	981.721077578498	1824.48986177919
948	981.721077578498	1824.48986177919
949	979.573569385957	1824.48986177919
950	979.573569385957	1824.48986177919
951	979.573569385957	1824.48986177919
952	979.573569385957	1824.48986177919
953	975.014355001574	1824.48986177919
954	963.17609853542	1824.48986177919
955	960.12743235325	1824.48986177919
956	960.12743235325	1824.48986177919
957	960.12743235325	1824.48986177919
958	960.12743235325	1824.48986177919
959	960.12743235325	1824.48986177919
960	952.520056874363	1824.48986177919
961	952.520056874363	1824.48986177919
962	951.884064074755	1824.48986177919
963	945.669829393494	1824.48986177919
964	945.669829393494	1824.48986177919
965	945.669829393494	1824.48986177919
966	945.669829393494	1824.48986177919
967	945.669829393494	1824.48986177919
968	945.669829393494	1824.48986177919
969	945.669829393494	1824.48986177919
970	945.190385853377	1824.48986177919
971	945.190385853377	1824.48986177919
972	937.64090643633	1824.48986177919
973	933.016241089769	1824.48986177919
974	933.016241089769	1824.48986177919
975	933.016241089769	1824.48986177919
976	933.016241089769	1824.48986177919
977	933.016241089769	1824.48986177919
978	933.016241089769	1824.48986177919
979	933.016241089769	1824.48986177919
980	931.821813039701	1824.48986177919
981	930.608643012983	1824.48986177919
982	930.576659332556	1824.48986177919
983	925.52052068188	1824.48986177919
984	925.52052068188	1824.48986177919
985	925.52052068188	1824.48986177919
986	921.216033428758	1824.48986177919
987	921.216033428758	1824.48986177919
988	920.676118972041	1824.48986177919
989	920.676118972041	1824.48986177919
990	914.700711463247	1824.48986177919
991	903.563209089483	1824.48986177919
992	903.563209089483	1824.48986177919
993	903.563209089483	1824.48986177919
994	903.563209089483	1824.48986177919
995	903.563209089483	1824.48986177919
996	903.563209089483	1824.48986177919
997	903.563209089483	1824.48986177919
998	903.563209089483	1824.48986177919
999	903.563209089483	1824.48986177919
1000	903.563209089483	1824.48986177919
1000	993.456132372709	3239.53548952078
999	993.456132372709	3239.53548952078
998	993.456132372709	3239.53548952078
997	993.456132372709	3239.53548952078
996	1005.27727714324	3239.53548952078
995	1005.27727714324	3239.53548952078
994	1005.27727714324	3239.53548952078
993	1006.18891106393	3239.53548952078
992	1006.18891106393	3239.53548952078
991	1012.07553749962	3239.53548952078
990	1012.07553749962	3239.53548952078
989	1012.07553749962	3239.53548952078
988	1013.945229137	3239.53548952078
987	1022.49226176147	3239.53548952078
986	1022.49226176147	3239.53548952078
985	1022.49226176147	3239.53548952078
984	1022.49226176147	3239.53548952078
983	1025.35575818666	3239.53548952078
982	1026.48504834258	3239.53548952078
981	1026.48504834258	3239.53548952078
980	1026.48504834258	3239.53548952078
979	1026.48504834258	3239.53548952078
978	1037.62176318093	3239.53548952078
977	1037.62176318093	3239.53548952078
976	1037.62176318093	3239.53548952078
975	1037.62176318093	3239.53548952078
974	1037.62176318093	3239.53548952078
973	1037.62176318093	3239.53548952078
972	1047.95964746634	3239.53548952078
971	1047.95964746634	3239.53548952078
970	1057.17998014622	3239.53548952078
969	1057.17998014622	3239.53548952078
968	1065.67021606004	3239.53548952078
967	1068.46176163916	3239.53548952078
966	1076.55365385891	3239.53548952078
965	1090.91013795131	3239.53548952078
964	1093.89947859625	3239.53548952078
963	1093.89947859625	3239.53548952078
962	1093.89947859625	3239.53548952078
961	1100.19569045056	3239.53548952078
960	1100.19569045056	3239.53548952078
959	1100.19569045056	3239.53548952078
958	1100.19569045056	3239.53548952078
957	1100.19569045056	3239.53548952078
956	1110.29305625153	3239.53548952078
955	1110.29305625153	3239.53548952078
954	1125.87117128814	3239.53548952078
953	1132.4240086806	3239.53548952078
952	1136.46832113497	3239.53548952078
951	1136.46832113497	3239.53548952078
950	1136.46832113497	3239.53548952078
949	1136.46832113497	3239.53548952078
948	1143.21528178323	3239.53548952078
947	1152.76512486655	3239.53548952078
946	1152.76512486655	3239.53548952078
945	1152.76512486655	3239.53548952078
944	1156.9994722232	3239.53548952078
943	1156.9994722232	3239.53548952078
942	1156.9994722232	3239.53548952078
941	1156.9994722232	3239.53548952078
940	1156.9994722232	3239.53548952078
939	1156.9994722232	3239.53548952078
938	1156.9994722232	3239.53548952078
937	1168.34779050281	3239.53548952078
936	1168.34779050281	3239.53548952078
935	1168.34779050281	3239.53548952078
934	1168.34779050281	3239.53548952078
933	1168.34779050281	3239.53548952078
932	1168.34779050281	3239.53548952078
931	1168.34779050281	3239.53548952078
930	1168.34779050281	3239.53548952078
929	1168.34779050281	3239.53548952078
928	1176.15592305873	3239.53548952078
927	1176.15592305873	3239.53548952078
926	1183.11357634128	3239.53548952078
925	1187.84125228588	3239.53548952078
924	1187.84125228588	3239.53548952078
923	1187.84125228588	3239.53548952078
922	1187.84125228588	3241.83436781411
921	1187.84125228588	3241.83436781411
920	1187.84125228588	3241.83436781411
919	1187.84125228588	3241.83436781411
918	1196.16919658072	3241.83436781411
917	1199.6435784859	3241.83436781411
916	1207.00755329529	3241.83436781411
915	1207.28333811599	3241.83436781411
914	1207.28333811599	3241.83436781411
913	1210.93939055849	3241.83436781411
912	1210.93939055849	3241.83436781411
911	1210.93939055849	3241.83436781411
910	1210.93939055849	3241.83436781411
909	1211.93784963556	3241.83436781411
908	1211.93784963556	3241.83436781411
907	1213.09606372995	3241.83436781411
906	1213.09606372995	3241.83436781411
905	1213.09606372995	3241.83436781411
904	1213.09606372995	3241.83436781411
903	1213.09606372995	3241.83436781411
902	1223.37851626589	3241.83436781411
901	1223.37851626589	3241.83436781411
900	1228.73778016611	3241.83436781411
899	1228.73778016611	3241.83436781411
898	1228.73778016611	3241.83436781411
897	1228.73778016611	3241.83436781411
896	1228.73778016611	3241.83436781411
895	1230.49890896878	3241.83436781411
894	1230.49890896878	3241.83436781411
893	1239.93343948847	3241.83436781411
892	1239.93343948847	3241.83436781411
891	1239.93343948847	3241.83436781411
890	1250.74453311475	3241.83436781411
889	1262.06209000807	3241.83436781411
888	1262.06209000807	3241.83436781411
887	1262.06209000807	3241.83436781411
886	1262.06209000807	3241.83436781411
885	1262.06209000807	3241.83436781411
884	1262.06209000807	3241.83436781411
883	1265.38971288486	3241.83436781411
882	1269.0931280263	3241.83436781411
881	1269.0931280263	3241.83436781411
880	1269.0931280263	3241.83436781411
879	1269.0931280263	3241.83436781411
878	1269.0931280263	3241.83436781411
877	1269.0931280263	3241.83436781411
876	1269.0931280263	3241.83436781411
875	1269.0931280263	3241.83436781411
874	1273.31741709832	3241.83436781411
873	1284.08455868296	3241.83436781411
872	1284.08455868296	3241.83436781411
871	1290.80530898468	3241.83436781411
870	1290.80530898468	3241.83436781411
869	1297.83659453224	3241.83436781411
868	1297.83659453224	3241.83436781411
867	1297.83659453224	3241.83436781411
866	1302.52568614777	3241.83436781411
865	1304.39675395389	3241.83436781411
864	1304.39675395389	3241.83436781411
863	1305.27671284646	3241.83436781411
862	1307.15485941628	3241.83436781411
861	1314.48996681124	3241.83436781411
860	1314.78712707855	3241.83436781411
859	1314.78712707855	3241.83436781411
858	1320.41357365091	3241.83436781411
857	1320.41357365091	3241.83436781411
856	1320.41357365091	3241.83436781411
855	1320.41357365091	3241.83436781411
854	1320.41357365091	3241.83436781411
853	1320.41357365091	3241.83436781411
852	1320.41357365091	3241.83436781411
851	1324.07199331188	3241.83436781411
850	1324.07199331188	3241.83436781411
849	1324.07199331188	3241.83436781411
848	1324.07199331188	3241.83436781411
847	1324.07199331188	3241.83436781411
846	1324.07199331188	3241.83436781411
845	1324.91356951479	3241.83436781411
844	1324.91356951479	3241.83436781411
843	1324.91356951479	3241.83436781411
842	1324.91356951479	3241.83436781411
841	1324.91356951479	3241.83436781411
840	1324.91356951479	3241.83436781411
839	1324.91356951479	3241.83436781411
838	1324.91356951479	3241.83436781411
837	1324.91356951479	3241.83436781411
836	1334.88408968807	3241.83436781411
835	1334.88408968807	3241.83436781411
834	1334.88408968807	3241.83436781411
833	1334.88408968807	3241.83436781411
832	1334.88408968807	3241.83436781411
831	1349.61427436521	3241.83436781411
830	1349.61427436521	3241.83436781411
829	1349.61427436521	3241.83436781411
828	1349.61427436521	3241.83436781411
827	1349.61427436521	3241.83436781411
826	1349.61427436521	3241.83436781411
825	1349.61427436521	3241.83436781411
824	1349.61427436521	3241.83436781411
823	1349.61427436521	3241.83436781411
822	1349.61427436521	3241.83436781411
821	1349.61427436521	3241.83436781411
820	1349.61427436521	3241.83436781411
819	1349.61427436521	3241.83436781411
818	1349.61427436521	3241.83436781411
817	1349.79529454977	3241.83436781411
816	1354.66240768219	3241.83436781411
815	1354.66240768219	3241.83436781411
814	1354.66240768219	3241.83436781411
813	1361.47499616582	3241.83436781411
812	1367.25087300617	3241.83436781411
811	1368.89260423432	3241.83436781411
810	1368.89260423432	3241.83436781411
809	1369.85022737686	3241.83436781411
808	1369.85022737686	3241.83436781411
807	1369.85022737686	3241.83436781411
806	1369.85022737686	3241.83436781411
805	1369.85022737686	3241.83436781411
804	1369.85022737686	3241.83436781411
803	1369.85022737686	3241.83436781411
802	1369.85022737686	3241.83436781411
801	1369.85022737686	3241.83436781411
800	1369.85022737686	3241.83436781411
799	1378.15963108188	3241.83436781411
798	1379.30585539352	3241.83436781411
797	1385.39611260825	3241.83436781411
796	1385.39611260825	3241.83436781411
795	1390.96557907534	3241.83436781411
794	1390.96557907534	3241.83436781411
793	1390.96557907534	3241.83436781411
792	1394.53265142407	3241.83436781411
791	1394.53265142407	3241.83436781411
790	1394.53265142407	3241.83436781411
789	1400.4276714339	3241.83436781411
788	1400.4276714339	3241.83436781411
787	1400.4276714339	3241.83436781411
786	1401.38314777872	3241.83436781411
785	1406.00698119459	3241.83436781411
784	1409.8018156524	3241.83436781411
783	1409.8018156524	3241.83436781411
782	1412.33300300259	3241.83436781411
781	1412.33300300259	3241.83436781411
780	1414.18451733345	3241.83436781411
779	1414.78465167003	3241.83436781411
778	1421.74792222518	3241.83436781411
777	1421.74792222518	3241.83436781411
776	1421.74792222518	3241.83436781411
775	1422.827216325	3241.83436781411
774	1422.827216325	3241.83436781411
773	1428.07680605756	3241.83436781411
772	1428.07680605756	3241.83436781411
771	1428.07680605756	3241.83436781411
770	1428.07680605756	3241.83436781411
769	1428.07680605756	3241.83436781411
768	1428.07680605756	3241.83436781411
767	1428.07680605756	3241.83436781411
766	1429.10862861035	3241.83436781411
765	1431.05250036718	3241.83436781411
764	1437.90839766609	3241.83436781411
763	1437.90839766609	3241.83436781411
762	1438.29305065027	3241.83436781411
761	1438.34609008809	3241.83436781411
760	1438.34609008809	3241.83436781411
759	1438.34609008809	3241.83436781411
758	1441.53049653662	3241.83436781411
757	1441.53049653662	3241.83436781411
756	1443.11705698928	3241.83436781411
755	1443.64523190738	3241.83436781411
754	1449.71391553117	3241.83436781411
753	1452.97100360341	3241.83436781411
752	1452.97100360341	3241.83436781411
751	1455.52702840497	3241.83436781411
750	1463.32190510171	3241.83436781411
749	1464.2636860412	3241.83436781411
748	1473.25482231698	3241.83436781411
747	1475.0823367745	3241.83436781411
746	1479.74094745457	3241.83436781411
745	1479.74094745457	3241.83436781411
744	1479.7794999492	3241.83436781411
743	1479.7794999492	3241.83436781411
742	1485.25900199013	3241.83436781411
741	1485.40645932456	3241.83436781411
740	1485.92973442451	3241.83436781411
739	1485.92973442451	3241.83436781411
738	1485.95283363107	3241.83436781411
737	1488.26373330421	3241.83436781411
736	1491.957381637	3241.83436781411
735	1491.957381637	3241.83436781411
734	1500.49423052974	3241.83436781411
733	1504.16345923486	3241.83436781411
732	1504.16345923486	3241.83436781411
731	1511.58897201801	3241.83436781411
730	1511.58897201801	3241.83436781411
729	1511.58897201801	3241.83436781411
728	1511.58897201801	3241.83436781411
727	1518.09333991778	3241.83436781411
726	1518.09333991778	3241.83436781411
725	1524.99241185504	3241.83436781411
724	1524.99241185504	3241.83436781411
723	1530.61396242503	3241.83436781411
722	1530.61396242503	3241.83436781411
721	1533.25321092271	3241.83436781411
720	1535.64825569217	3241.83436781411
719	1539.35632227835	3241.83436781411
718	1541.39791680555	3241.83436781411
717	1541.39791680555	3241.83436781411
716	1542.50114651676	3241.83436781411
715	1542.50114651676	3241.83436781411
714	1542.50114651676	3241.83436781411
713	1542.50114651676	3241.83436781411
712	1542.88946076095	3241.83436781411
711	1549.86483409647	3241.83436781411
710	1552.36367211432	3241.83436781411
709	1552.36367211432	3241.83436781411
708	1552.36367211432	3241.83436781411
707	1552.36367211432	3241.83436781411
706	1552.36367211432	3241.83436781411
705	1552.36367211432	3241.83436781411
704	1556.4541524368	3241.83436781411
703	1557.09444478689	3241.83436781411
702	1562.13720383459	3241.83436781411
701	1562.13720383459	3241.83436781411
700	1562.13720383459	3241.83436781411
699	1562.13720383459	3241.83436781411
698	1567.32906038804	3241.83436781411
697	1567.32906038804	3241.83436781411
696	1570.53305660922	3241.83436781411
695	1570.59386169109	3241.83436781411
694	1582.57956907584	3241.83436781411
693	1582.57956907584	3241.83436781411
692	1584.99348639551	3241.83436781411
691	1584.99348639551	3241.83436781411
690	1584.99348639551	3241.83436781411
689	1588.7903040757	3241.83436781411
688	1589.05873030171	3241.83436781411
687	1595.48366911449	3241.83436781411
686	1597.8017492516	3241.83436781411
685	1597.8017492516	3241.83436781411
684	1597.8017492516	3241.83436781411
683	1597.8017492516	3241.83436781411
682	1601.58444039538	3241.83436781411
681	1601.58444039538	3241.83436781411
680	1601.58444039538	3241.83436781411
679	1603.32038156661	3241.83436781411
678	1603.32038156661	3241.83436781411
677	1608.21935183575	3241.83436781411
676	1608.21935183575	3241.83436781411
675	1613.72227638063	3241.83436781411
674	1616.2858423918	3241.83436781411
673	1616.2858423918	3241.83436781411
672	1619.37740621198	3241.83436781411
671	1625.713434996	3241.83436781411
670	1625.713434996	3241.83436781411
669	1625.713434996	3241.83436781411
668	1625.713434996	3241.83436781411
667	1631.12012550971	3241.83436781411
666	1631.12012550971	3241.83436781411
665	1640.32803447027	3255.80908351778
664	1640.32803447027	3255.80908351778
663	1640.32803447027	3255.80908351778
662	1640.32803447027	3255.80908351778
661	1640.32803447027	3255.80908351778
660	1640.32803447027	3255.80908351778
659	1641.17721155636	3255.80908351778
658	1641.17721155636	3255.80908351778
657	1650.2337578543	3255.80908351778
656	1650.2337578543	3255.80908351778
655	1653.71293803754	3255.80908351778
654	1656.6670334017	3255.80908351778
653	1656.6670334017	3255.80908351778
652	1656.6670334017	3255.80908351778
651	1657.20776890387	3255.80908351778
650	1658.77918355874	3255.80908351778
649	1665.229028259	3255.80908351778
648	1665.24715561395	3255.80908351778
647	1673.09658521245	3255.80908351778
646	1673.09658521245	3255.80908351778
645	1673.09658521245	3255.80908351778
644	1673.09658521245	3255.80908351778
643	1673.09658521245	3255.80908351778
642	1673.09658521245	3255.80908351778
641	1673.09658521245	3255.80908351778
640	1678.32930275471	3255.80908351778
639	1678.32930275471	3255.80908351778
638	1678.32930275471	3255.80908351778
637	1678.32930275471	3255.80908351778
636	1680.56323014418	3255.80908351778
635	1683.91302818013	3255.80908351778
634	1683.91302818013	3255.80908351778
633	1683.91302818013	3255.80908351778
632	1683.91302818013	3255.80908351778
631	1683.91302818013	3255.80908351778
630	1683.91302818013	3255.80908351778
629	1683.91302818013	3255.80908351778
628	1685.0901614896	3255.80908351778
627	1685.0901614896	3255.80908351778
626	1685.0901614896	3255.80908351778
625	1685.0901614896	3255.80908351778
624	1686.71123108976	3255.80908351778
623	1686.71123108976	3255.80908351778
622	1686.71123108976	3255.80908351778
621	1686.89492002914	3255.80908351778
620	1686.89492002914	3255.80908351778
619	1686.89492002914	3255.80908351778
618	1686.89492002914	3255.80908351778
617	1686.89492002914	3255.80908351778
616	1687.39366990366	3255.80908351778
615	1691.10187739302	3255.80908351778
614	1691.10187739302	3255.80908351778
613	1691.10187739302	3255.80908351778
612	1691.10187739302	3255.80908351778
611	1691.10187739302	3255.80908351778
610	1691.10187739302	3255.80908351778
609	1691.10187739302	3255.80908351778
608	1691.10187739302	3255.80908351778
607	1691.10187739302	3255.80908351778
606	1694.50778055527	3255.80908351778
605	1694.50778055527	3255.80908351778
604	1697.70081741767	3255.80908351778
603	1697.70081741767	3255.80908351778
602	1697.70081741767	3255.80908351778
601	1697.70081741767	3255.80908351778
600	1697.70081741767	3255.80908351778
599	1697.70081741767	3255.80908351778
598	1697.70081741767	3255.80908351778
597	1708.67221219483	3255.80908351778
596	1710.5972118121	3255.80908351778
595	1711.44519141191	3255.80908351778
594	1715.36845238742	3255.80908351778
593	1723.24773096849	3255.80908351778
592	1724.9477008753	3255.80908351778
591	1735.34390389885	3255.80908351778
590	1735.34390389885	3255.80908351778
589	1740.61135935998	3255.80908351778
588	1740.61135935998	3255.80908351778
587	1740.61135935998	3255.80908351778
586	1740.61135935998	3255.80908351778
585	1749.58604503673	3255.80908351778
584	1759.31557395648	3255.80908351778
583	1760.77426638666	3255.80908351778
582	1763.21524069383	3255.80908351778
581	1774.56031824781	3255.80908351778
580	1779.51831317695	3255.80908351778
579	1783.22651196594	3255.80908351778
578	1787.41748052422	3255.80908351778
577	1787.99225312686	3255.80908351778
576	1798.23363945986	3255.80908351778
575	1811.40716776732	3255.80908351778
574	1815.28140473808	3255.80908351778
573	1815.28140473808	3255.80908351778
572	1820.6500082165	3255.80908351778
571	1839.62615415096	3255.80908351778
570	1841.12500313753	3255.80908351778
569	1844.65162777172	3255.80908351778
568	1848.07724981935	3255.80908351778
567	1850.08913242116	3255.80908351778
566	1854.57284915425	3255.80908351778
565	1854.57284915425	3255.80908351778
564	1867.98166867637	3255.80908351778
563	1870.65132217405	3255.80908351778
562	1870.65132217405	3255.80908351778
561	1873.14109373776	3255.80908351778
560	1873.14109373776	3255.80908351778
559	1873.14109373776	3255.80908351778
558	1879.57230662497	3255.80908351778
557	1883.36813665063	3255.80908351778
556	1890.77114105991	3255.80908351778
555	1897.63425313642	3255.80908351778
554	1897.63425313642	3255.80908351778
553	1898.77797634179	3255.80908351778
552	1898.77797634179	3255.80908351778
551	1918.19672755974	3255.80908351778
550	1918.19672755974	3255.80908351778
549	1918.19672755974	3255.80908351778
548	1918.19672755974	3255.80908351778
547	1918.19672755974	3255.80908351778
546	1924.19003029898	3255.80908351778
545	1937.36971284217	3255.80908351778
544	1948.25194418307	3255.80908351778
543	1952.5207212443	3255.80908351778
542	1960.82390059973	3255.80908351778
541	1960.82390059973	3255.80908351778
540	1960.82390059973	3255.80908351778
539	1960.82390059973	3255.80908351778
538	1960.82390059973	3255.80908351778
537	1960.82390059973	3255.80908351778
536	1960.82390059973	3255.80908351778
535	1968.12905059303	3255.80908351778
534	1968.12905059303	3255.80908351778
533	1973.27178750696	3255.80908351778
532	1973.27178750696	3255.80908351778
531	1987.05465337383	3255.80908351778
530	2004.18514917595	3255.80908351778
529	2008.00372325923	3255.80908351778
528	2021.22098587121	3255.80908351778
527	2034.68503040915	3255.80908351778
526	2034.68503040915	3255.80908351778
525	2034.68503040915	3255.80908351778
524	2036.66751625644	3255.80908351778
523	2036.66751625644	3255.80908351778
522	2039.22660898263	3255.80908351778
521	2040.69228929796	3255.80908351778
520	2040.69228929796	3255.80908351778
519	2044.71496758016	3255.80908351778
518	2057.93810314105	3255.80908351778
517	2070.38241218084	3255.80908351778
516	2073.19085705525	3255.80908351778
515	2073.23459304461	3255.80908351778
514	2073.23459304461	3255.80908351778
513	2080.03575205651	3255.80908351778
512	2080.03575205651	3255.80908351778
511	2080.03575205651	3255.80908351778
510	2085.05940326495	3255.80908351778
509	2085.31384808047	3255.80908351778
508	2092.38330620616	3255.80908351778
507	2102.64845152038	3255.80908351778
506	2105.69058168624	3255.80908351778
505	2106.21529996714	3255.80908351778
504	2106.21529996714	3255.80908351778
503	2125.0561613241	3255.80908351778
502	2125.0561613241	3255.80908351778
501	2125.0561613241	3255.80908351778
500	2133.31186421867	3255.80908351778
499	2147.36292007394	3255.80908351778
498	2150.51533768698	3255.80908351778
497	2152.62939500068	3255.80908351778
496	2156.87142099112	3255.80908351778
495	2159.71792371684	3255.80908351778
494	2165.17905415709	3255.80908351778
493	2169.85460078368	3255.80908351778
492	2169.85460078368	3255.80908351778
491	2169.85460078368	3255.80908351778
490	2169.85460078368	3255.80908351778
489	2169.85460078368	3255.80908351778
488	2169.85460078368	3255.80908351778
487	2175.4202570345	3255.80908351778
486	2175.4202570345	3255.80908351778
485	2184.54912038547	3255.80908351778
484	2194.782759882	3255.80908351778
483	2194.782759882	3255.80908351778
482	2194.782759882	3255.80908351778
481	2194.782759882	3255.80908351778
480	2194.782759882	3255.80908351778
479	2197.34556835544	3255.80908351778
478	2205.88443577057	3255.80908351778
477	2218.58746808405	3255.80908351778
476	2232.0821938919	3255.80908351778
475	2243.34913097169	3255.80908351778
474	2243.34913097169	3255.80908351778
473	2257.31358209719	3255.80908351778
472	2263.56990783908	3255.80908351778
471	2263.56990783908	3255.80908351778
470	2268.20525708272	3255.80908351778
469	2268.20525708272	3255.80908351778
468	2268.20525708272	3255.80908351778
467	2277.48682973272	3255.80908351778
466	2277.48682973272	3255.80908351778
465	2281.12902251641	3255.80908351778
464	2292.0108854767	3255.80908351778
463	2296.93424629239	3255.80908351778
462	2305.2815554544	3255.80908351778
461	2305.2815554544	3255.80908351778
460	2307.67432373534	3255.80908351778
459	2307.67432373534	3255.80908351778
458	2307.67432373534	3255.80908351778
457	2312.50810317553	3255.80908351778
456	2314.58171154109	3255.80908351778
455	2315.39182928897	3255.80908351778
454	2318.42110436224	3255.80908351778
453	2332.65577986393	3255.80908351778
452	2332.65577986393	3255.80908351778
451	2338.95985324149	3255.80908351778
450	2338.95985324149	3255.80908351778
449	2338.95985324149	3255.80908351778
448	2338.95985324149	3255.80908351778
447	2348.86058594857	3255.80908351778
446	2363.32541006983	3255.80908351778
445	2368.05139533647	3255.80908351778
444	2368.05139533647	3255.80908351778
443	2387.24215299958	3255.80908351778
442	2398.17325852381	3255.80908351778
441	2403.33110142772	3255.80908351778
440	2403.33110142772	3255.80908351778
439	2405.41813635544	3255.80908351778
438	2405.41813635544	3255.80908351778
437	2415.3335830978	3255.80908351778
436	2423.31747761381	3255.80908351778
435	2425.63600663102	3255.80908351778
434	2433.73878605687	3255.80908351778
433	2439.48177950991	3255.80908351778
432	2459.06764982239	3255.80908351778
431	2475.14480271754	3255.80908351778
430	2475.14480271754	3255.80908351778
429	2480.7119891094	3255.80908351778
428	2490.11156626213	3255.80908351778
427	2499.86280815164	3255.80908351778
426	2508.31518560368	3255.80908351778
425	2508.31518560368	3255.80908351778
424	2508.31518560368	3255.80908351778
423	2508.39563229362	3255.80908351778
422	2508.39563229362	3255.80908351778
421	2510.95640751264	3255.80908351778
420	2510.95640751264	3255.80908351778
419	2510.95640751264	3255.80908351778
418	2527.73421416642	3255.80908351778
417	2531.69986572713	3255.80908351778
416	2531.69986572713	3255.80908351778
415	2531.69986572713	3255.80908351778
414	2535.61577756596	3255.80908351778
413	2548.15307558865	3255.80908351778
412	2550.31917696419	3255.80908351778
411	2564.17222393148	3255.80908351778
410	2582.33177802384	3257.23054257958
409	2592.15506444998	3257.23054257958
408	2604.1043109891	3268.0300015769
407	2608.13603070834	3268.0300015769
406	2614.08149217531	3268.0300015769
405	2614.08149217531	3268.0300015769
404	2626.04523829693	3268.0300015769
403	2638.86361524353	3268.0300015769
402	2647.23370658084	3268.0300015769
401	2647.23370658084	3268.0300015769
400	2647.23370658084	3268.0300015769
399	2660.35950403448	3268.0300015769
398	2660.35950403448	3268.0300015769
397	2671.13476322328	3268.0300015769
396	2671.13476322328	3268.0300015769
395	2671.13476322328	3268.0300015769
394	2671.13476322328	3268.0300015769
393	2679.61566710121	3268.0300015769
392	2695.10767322723	3268.0300015769
391	2695.10767322723	3268.0300015769
390	2695.10767322723	3268.0300015769
389	2711.8035846375	3268.0300015769
388	2732.93340194583	3268.0300015769
387	2732.93340194583	3268.0300015769
386	2760.84891391209	3268.0300015769
385	2769.00285917391	3268.0300015769
384	2769.00285917391	3268.0300015769
383	2769.00285917391	3268.0300015769
382	2769.00285917391	3268.0300015769
381	2772.84171913979	3268.0300015769
380	2781.92824328986	3268.0300015769
379	2781.92824328986	3268.0300015769
378	2781.92824328986	3268.0300015769
377	2794.06146237167	3268.0300015769
376	2812.9856943373	3268.0300015769
375	2812.9856943373	3268.0300015769
374	2812.9856943373	3268.0300015769
373	2812.9856943373	3268.0300015769
372	2814.9123695536	3268.0300015769
371	2841.59281529329	3268.0300015769
370	2841.59281529329	3268.0300015769
369	2841.59281529329	3268.0300015769
368	2866.92766070275	3268.0300015769
367	2873.30541841829	3268.0300015769
366	2875.92093970572	3268.0300015769
365	2875.92093970572	3268.0300015769
364	2875.92093970572	3268.0300015769
363	2875.92093970572	3268.0300015769
362	2875.92093970572	3268.0300015769
361	2880.44045160087	3268.0300015769
360	2880.44045160087	3268.0300015769
359	2884.82597316795	3268.0300015769
358	2884.82597316795	3268.0300015769
357	2884.82597316795	3268.0300015769
356	2884.82597316795	3268.0300015769
355	2884.82597316795	3268.0300015769
354	2885.53630742745	3268.0300015769
353	2886.17486304498	3268.0300015769
352	2896.38126926663	3268.0300015769
351	2920.80514235297	3268.0300015769
350	2920.80514235297	3268.0300015769
349	2920.80514235297	3268.0300015769
348	2920.80514235297	3268.0300015769
347	2920.80514235297	3268.0300015769
346	2944.16291881445	3268.0300015769
345	2952.35704464541	3268.0300015769
344	2952.35704464541	3268.0300015769
343	2952.35704464541	3268.0300015769
342	2952.53144069321	3268.0300015769
341	2952.53144069321	3268.0300015769
340	2952.53144069321	3268.0300015769
339	2958.74423529208	3268.0300015769
338	2986.58766131018	3268.0300015769
337	3010.44987868466	3268.0300015769
336	3018.26807616797	3268.0300015769
335	3032.63594299415	3268.0300015769
334	3032.63594299415	3268.0300015769
333	3032.63594299415	3268.0300015769
332	3046.32626408912	3268.0300015769
331	3046.32626408912	3268.0300015769
330	3058.97950637551	3268.0300015769
329	3071.95031732221	3268.0300015769
328	3078.41836246554	3268.0300015769
327	3090.08933121984	3268.0300015769
326	3090.08933121984	3268.0300015769
325	3091.43688496182	3268.0300015769
324	3101.35740307899	3268.0300015769
323	3101.35740307899	3268.0300015769
322	3117.04652304077	3268.0300015769
321	3118.54636659429	3268.0300015769
320	3118.54636659429	3268.0300015769
319	3131.41669071112	3268.0300015769
318	3131.41669071112	3268.0300015769
317	3133.1633671461	3268.0300015769
316	3155.4869914934	3268.0300015769
315	3155.4869914934	3268.0300015769
314	3164.47303457802	3268.0300015769
313	3164.47303457802	3268.0300015769
312	3164.47303457802	3268.0300015769
311	3169.44458236499	3268.0300015769
310	3169.44458236499	3268.0300015769
309	3169.44458236499	3268.0300015769
308	3182.4787079741	3268.0300015769
307	3182.4787079741	3268.0300015769
306	3182.4787079741	3268.0300015769
305	3187.85954542205	3268.0300015769
304	3187.85954542205	3268.0300015769
303	3187.85954542205	3268.0300015769
302	3208.80540764394	3268.0300015769
301	3208.80540764394	3268.0300015769
300	3208.80540764394	3268.0300015769
299	3208.80540764394	3268.0300015769
298	3228.93872711684	3268.0300015769
297	3228.93872711684	3268.0300015769
296	3234.70778913161	3268.0300015769
295	3234.70778913161	3268.0300015769
294	3234.70778913161	3268.0300015769
293	3234.70778913161	3268.0300015769
292	3234.70778913161	3268.0300015769
291	3234.70778913161	3268.0300015769
290	3234.70778913161	3268.0300015769
289	3234.70778913161	3268.0300015769
288	3239.79078975859	3268.0300015769
287	3239.79078975859	3268.0300015769
286	3242.91641987292	3268.0300015769
285	3244.99745611394	3268.0300015769
284	3245.93307273615	3268.0300015769
283	3245.93307273615	3268.0300015769
282	3245.93307273615	3268.0300015769
281	3245.93307273615	3268.0300015769
280	3254.83180196156	3268.0300015769
279	3254.83180196156	3268.0300015769
278	3254.83180196156	3268.0300015769
277	3260.6869813794	3268.0300015769
276	3264.99742926489	3268.0300015769
275	3275.21190977807	3268.0300015769
274	3280.16389189121	3268.0300015769
273	3281.15937702828	3282.68853810438
272	3281.15937702828	3282.68853810438
271	3281.15937702828	3282.68853810438
270	3281.15937702828	3282.68853810438
269	3281.33072350855	3282.68853810438
268	3281.33072350855	3282.68853810438
267	3289.48539117587	3282.68853810438
266	3289.48539117587	3282.68853810438
265	3289.48539117587	3282.68853810438
264	3290.57358875507	3282.68853810438
263	3290.57358875507	3294.78894914482
262	3290.57358875507	3294.78894914482
261	3290.57358875507	3294.78894914482
260	3290.57358875507	3294.78894914482
259	3296.26253846467	3294.78894914482
258	3296.26253846467	3294.78894914482
257	3302.74989052097	3294.78894914482
256	3302.74989052097	3294.78894914482
255	3302.74989052097	3294.78894914482
254	3302.74989052097	3294.78894914482
253	3305.77994303992	3294.78894914482
252	3305.77994303992	3294.78894914482
251	3326.5889848283	3294.78894914482
250	3332.28460664059	3294.78894914482
249	3332.28460664059	3294.78894914482
248	3332.28460664059	3294.78894914482
247	3332.28460664059	3294.78894914482
246	3332.28460664059	3294.78894914482
245	3332.28460664059	3294.78894914482
244	3332.28460664059	3294.78894914482
243	3332.28460664059	3294.78894914482
242	3332.28460664059	3294.78894914482
241	3332.54954495476	3294.78894914482
240	3335.33913584771	3294.78894914482
239	3335.33913584771	3294.78894914482
238	3338.08863364389	3294.78894914482
237	3338.08863364389	3294.78894914482
236	3338.08863364389	3294.78894914482
235	3338.08863364389	3294.78894914482
234	3338.08863364389	3294.78894914482
233	3339.65477694684	3294.78894914482
232	3339.65477694684	3294.78894914482
231	3339.65477694684	3324.79630493611
230	3339.65477694684	3324.79630493611
229	3339.65477694684	3324.79630493611
228	3339.65477694684	3324.79630493611
227	3342.01987990719	3324.79630493611
226	3342.01987990719	3324.79630493611
225	3342.01987990719	3324.79630493611
224	3342.01987990719	3324.79630493611
223	3343.091174896	3324.79630493611
222	3343.091174896	3324.79630493611
221	3343.091174896	3324.79630493611
220	3343.091174896	3324.79630493611
219	3343.63129162938	3324.79630493611
218	3343.63129162938	3324.79630493611
217	3343.63129162938	3324.79630493611
216	3344.21057369886	3324.79630493611
215	3344.21057369886	3324.79630493611
214	3344.21057369886	3324.79630493611
213	3347.59177444127	3324.79630493611
212	3347.59177444127	3324.79630493611
211	3347.59177444127	3324.79630493611
210	3347.59177444127	3324.79630493611
209	3347.59177444127	3324.79630493611
208	3347.59177444127	3324.79630493611
207	3353.49254836979	3324.79630493611
206	3353.49254836979	3324.79630493611
205	3353.49254836979	3324.79630493611
204	3353.49254836979	3324.79630493611
203	3353.49254836979	3324.79630493611
202	3353.49254836979	3324.79630493611
201	3353.49254836979	3353.49254836979
200	3353.49254836979	3353.49254836979
